0.4098026752471924
-0.22970639169216156
-0.2346154749393463
-0.2656077444553375
-0.35309022665023804
-0.01188020408153534
-0.5028561353683472
-0.358460932970047
0.05586445704102516
0.47905433177948
-0.34932467341423035
-0.380398690700531
0.5893183946609497
-0.9605100154876709
-0.38541537523269653
-0.39258506894111633
0.1415730118751526
-0.7120582461357117
0.5264925956726074
0.09191661328077316
0.2587713897228241
0.008290194906294346
-0.09754857420921326
0.3621997535228729
0.12367027997970581
-0.23544257879257202
-0.11578501015901566
-0.032063644379377365
-0.0016721761785447598
0.043603554368019104
0.018129635602235794
0.01322842761874199
-0.05580506846308708
-0.015016324818134308
0.03091389127075672
-0.04874810576438904
-0.19190752506256104
-0.23602522909641266
0.04995260760188103
-0.0910712257027626
-0.2489161491394043
0.4366385340690613
-0.12371163815259933
0.05798841640353203
0.1439325362443924
-0.059834279119968414
0.1642964482307434
-0.3630332052707672
0.8692712187767029
0.15050269663333893
-0.7839067578315735
0.5400999188423157
0.0990573838353157
-0.284715861082077
0.03075307235121727
-0.5614394545555115
-0.15045863389968872
0.5238335728645325
-0.1280200034379959
0.1317521631717682
-0.03919818997383118
-0.1848425418138504
0.8875162601470947
-0.04264423996210098
-0.11795177310705185
0.019848307594656944
-0.35105228424072266
0.023238150402903557
0.04909820109605789
-0.3724314272403717
-0.13633108139038086
0.32337668538093567
0.1124708354473114
-0.08369302749633789
0.20007148385047913
0.0295887254178524
-0.2223307192325592
-0.09994148463010788
-0.059310123324394226
-0.20301799476146698
0.06626274436712265
0.36928728222846985
0.21340982615947723
-0.905841588973999
0.5757516622543335
-0.6982069611549377
-1.415968894958496
-0.11396387964487076
-0.7548195123672485
-0.38499462604522705
-0.1507015973329544
-0.12397503107786179
-0.229786217212677
-0.1599198877811432
0.057015977799892426
0.09562499821186066
0.22360964119434357
-0.04365606978535652
0.03754459321498871
0.5461233258247375
-0.24294833838939667
-0.456118643283844
0.0048001836985349655
-0.41226980090141296
-0.12032070755958557
-1.241011381149292
-0.02804400771856308
0.0956530049443245
-0.147938072681427
0.01612592488527298
0.1647394597530365
-0.1578555405139923
-0.0022347690537571907
0.09575776755809784
0.05893169716000557
0.08429653197526932
0.21205203235149384
-0.7214884757995605
0.09502870589494705
0.027203137055039406
-0.4150450825691223
-0.4838835895061493
-0.3553960621356964
0.09618056565523148
0.22098378837108612
-0.3109447956085205
-0.4953390657901764
0.276009202003479
-0.7411611080169678
-0.028286103159189224
0.6229652166366577
-0.33922818303108215
-0.4721105992794037
0.24242092669010162
0.03228186443448067
-0.2489379495382309
0.14785432815551758
0.501117467880249
-0.3971995711326599
-1.0038375854492188
-1.012717366218567
-0.08527390658855438
0.7949332594871521
0.38008299469947815
0.3939254879951477
0.147689551115036
-0.32210272550582886
-0.07670971751213074
0.5001406073570251
0.3658985197544098
-0.40427812933921814
0.41833218932151794
0.9802321195602417
0.01393909752368927
0.06787047535181046
-0.004218429327011108
-0.05581384152173996
0.24303783476352692
-0.12440422177314758
0.24291552603244781
-0.1708248406648636
-0.38370198011398315
-0.14358580112457275
-0.11604750901460648
0.46457403898239136
-0.8982023596763611
0.045295462012290955
0.45609572529792786
-0.09256063401699066
0.09794824570417404
0.385118693113327
0.051599226891994476
-0.12096624821424484
-0.12405222654342651
-0.08035335689783096
-0.13073685765266418
-0.012556316331028938
-0.08486722409725189
-0.08484818041324615
0.06471792608499527
0.23826302587985992
0.010011238977313042
-0.24807874858379364
-0.21679462492465973
0.26483434438705444
0.5492558479309082
-0.7425938248634338
0.35449159145355225
0.5209887027740479
-0.24650345742702484
0.48751792311668396
-0.10787392407655716
-0.09405715763568878
0.6688475608825684
-0.11642136424779892
0.004936988465487957
0.2868902087211609
0.4446824789047241
-0.09458950906991959
0.5599879026412964
-0.5659712553024292
0.598287045955658
0.3143533766269684
-0.4254836142063141
0.18997374176979065
-0.15111956000328064
-0.41742798686027527
0.03799643740057945
-0.031605906784534454
0.025187427178025246
0.04864206537604332
0.025859929621219635
-0.02433132566511631
-0.023713693022727966
-0.034991513937711716
-0.042402204126119614
-0.17459985613822937
0.3478327691555023
0.41158512234687805
-0.19834263622760773
-0.2602088153362274
0.273566335439682
-0.6727128624916077
-0.2864138185977936
0.16295404732227325
0.1305151879787445
0.18007564544677734
-0.16051587462425232
-0.03185201436281204
-0.006274274084717035
-0.003679756075143814
0.10009613633155823
0.05309300124645233
0.08705883473157883
-0.07191334664821625
-0.18696244060993195
-0.05026935413479805
-0.21980085968971252
-0.09168710559606552
0.20092998445034027
-0.13784541189670563
0.4538314938545227
0.6639668941497803
-0.03297397121787071
-0.24383874237537384
-0.03962318226695061
-0.20735308527946472
0.14499825239181519
0.07532589137554169
-0.7312559485435486
-0.3433366119861603
0.3349132239818573
0.0016056977910920978
-0.024411100894212723
0.025813216343522072
-0.0629103034734726
0.00290955463424325
-0.05297309532761574
-0.04163719341158867
-0.011212361045181751
-0.01908017322421074
0.5406944155693054
0.12275947630405426
-0.47995129227638245
-0.029380599036812782
-0.39491429924964905
-0.385425865650177
-0.3119123578071594
-0.5880935192108154
-0.9083911180496216
0.36130058765411377
-0.7910900115966797
-0.6072487831115723
-0.10991016030311584
-0.061406295746564865
-0.058352623134851456
-0.0547865629196167
0.5999382138252258
-0.07182741910219193
0.3287121057510376
0.17475426197052002
-0.6245870590209961
0.277384877204895
-0.298678994178772
-0.8768696188926697
-0.17518652975559235
-0.7657083868980408
0.3170914649963379
-0.3339671194553375
0.07263416051864624
0.06563819944858551
0.2058357298374176
-0.14069364964962006
-0.08770087361335754
0.10263550281524658
0.035245735198259354
0.0921483263373375
-0.0861596018075943
-0.10566958785057068
-0.35179445147514343
0.22331322729587555
-0.6134752035140991
-0.39068740606307983
0.5925658345222473
0.3297416865825653
0.9684630036354065
0.23615914583206177
0.19026456773281097
-0.015321874991059303
0.05108533799648285
-0.014713158831000328
0.1481490284204483
0.36893779039382935
0.23704048991203308
-0.03721660375595093
0.47109782695770264
0.03028729371726513
0.010462126694619656
-0.04560024291276932
0.0038309379015117884
-0.042328186333179474
0.014340423047542572
-0.0015947595238685608
-0.04774617776274681
-0.019469307735562325
0.38709408044815063
-0.015148461796343327
0.45089614391326904
0.056341204792261124
-0.15265199542045593
0.5898264646530151
-0.2426375448703766
-0.4932718873023987
0.08224088698625565
0.2273649126291275
-0.08242913335561752
0.22090916335582733
-0.2000296413898468
-0.5213786959648132
-0.06319860368967056
-0.12868110835552216
-0.58930903673172
0.24745628237724304
-0.6090626120567322
0.26100462675094604
0.04218922555446625
-0.27552977204322815
-0.10010148584842682
0.33671364188194275
0.0024126379285007715
0.07766775041818619
0.5221412777900696
0.18257054686546326
0.12870432436466217
0.33333563804626465
0.2955639958381653
-0.0552796870470047
0.18864479660987854
0.2216256707906723
0.08796025812625885
-0.40075403451919556
0.1751919984817505
0.012207547202706337
-0.024932634085416794
-0.013123685494065285
-0.08939529210329056
0.06328359246253967
-0.05358769744634628
-0.12522806227207184
-0.022549550980329514
-0.6897768378257751
-0.47946199774742126
-0.33906981348991394
-0.956092357635498
-0.8435930609703064
0.39254945516586304
-0.8166956901550293
0.5545485615730286
0.634551465511322
-0.04152173176407814
0.014177258126437664
0.1812889277935028
-0.07661241292953491
0.08707323670387268
0.3877655863761902
-0.20989058911800385
-0.04304112493991852
0.33782604336738586
-0.02165651135146618
-0.1212778240442276
0.010957327671349049
-0.12384273111820221
-0.09894345700740814
-0.13518011569976807
-0.18954449892044067
-0.12267151474952698
-0.014016716741025448
-0.20253035426139832
-0.015590756200253963
0.007416101172566414
0.053822871297597885
0.004172795452177525
-0.02702701836824417
0.14257186651229858
-0.022877568379044533
-0.1594673991203308
0.8204793334007263
0.6320410370826721
0.16513875126838684
-0.5155391693115234
-0.44251909852027893
-0.38788628578186035
0.23001815378665924
-0.23981650173664093
-0.3713548183441162
-0.3154754936695099
-0.20041882991790771
-0.1563500612974167
0.0026260900776833296
-0.006451333872973919
0.6753353476524353
0.3312818706035614
0.2713524401187897
0.8358031511306763
0.4239520728588104
0.33439916372299194
0.1387169361114502
-0.25570136308670044
-0.14052900671958923
-0.4105827510356903
-0.14080660045146942
-0.3841796815395355
-1.215635895729065
-0.012396969832479954
-0.055832263082265854
-1.0088285207748413
0.031739313155412674
-0.25666046142578125
-0.7431178092956543
-0.3244687020778656
-0.10605276376008987
0.17010720074176788
-0.002473344560712576
0.02685498259961605
-0.14310705661773682
0.10596080869436264
-0.45956382155418396
0.171389639377594
-0.236933171749115
-0.07944002002477646
-0.09585532546043396
0.03444172441959381
0.08468963950872421
0.4320901334285736
-0.07323727756738663
0.14709721505641937
0.22427640855312347
0.3345227837562561
0.07223290205001831
-0.5212656855583191
-0.027369633316993713
-0.007679613307118416
-0.07196713238954544
-0.1230064108967781
0.025865288451313972
0.062010303139686584
-0.08812427520751953
-0.15408827364444733
0.031469594687223434
-0.220237135887146
-0.056043997406959534
-0.42275935411453247
-0.14334417879581451
0.32191067934036255
0.14089564979076385
-0.3239140510559082
-0.2836437225341797
0.6241950988769531
-0.36564141511917114
-0.325366348028183
-0.6966158151626587
-0.17355278134346008
-0.8928002715110779
-0.12423044443130493
-0.7701382637023926
-0.7295727133750916
-0.024545684456825256
0.030069075524806976
-0.27143654227256775
-0.06685594469308853
-0.18454743921756744
-0.17773739993572235
0.9819867610931396
-0.9368355870246887
-0.3806311786174774
1.1106573343276978
-0.027849050238728523
-0.057971641421318054
0.013142967596650124
-0.018004009500145912
-0.05658723786473274
-0.001299267983995378
-0.0016649269964545965
0.058597270399332047
0.01955900341272354
-0.14517825841903687
-0.10259012132883072
-0.03328552469611168
0.3581250011920929
0.31740185618400574
0.17401522397994995
0.2688211500644684
0.16722604632377625
0.06409865617752075
0.17752327024936676
0.3203287720680237
0.060482170432806015
-0.0208580419421196
-0.1271507740020752
-0.13381724059581757
-0.04248448461294174
0.010711316019296646
0.07680752873420715
0.06835859268903732
0.36559513211250305
0.009327135048806667
0.12221242487430573
-0.33684277534484863
-0.15588319301605225
-0.10734862834215164
-0.4914618134498596
-0.16114912927150726
0.09212295711040497
0.07860031723976135
0.258242666721344
-0.07559517025947571
-0.05420020595192909
0.25906965136528015
0.00866993423551321
0.153406023979187
0.03549064323306084
0.10720472782850266
-0.035921357572078705
0.0630420446395874
0.008423623628914356
0.056252751499414444
0.030550502240657806
-0.019349217414855957
-0.05560147762298584
0.029210906475782394
-0.26701638102531433
-0.7604685425758362
-0.3219712972640991
-0.8831877708435059
-0.5048096179962158
0.11401395499706268
0.12526534497737885
0.7707842588424683
0.40850910544395447
0.6364794373512268
0.21265974640846252
0.3111799359321594
-0.48326319456100464
0.06305084377527237
0.0332321971654892
-0.12975038588047028
0.14867724478244781
-0.39924636483192444
0.17934346199035645
-0.3348141312599182
-0.47150012850761414
-0.4317464828491211
0.1111697256565094
0.40990641713142395
-0.322723925113678
0.4716595709323883
0.7794430255889893
-0.3612857460975647
0.32576149702072144
-0.5922025442123413
0.1472366750240326
0.3191833198070526
-0.5740875601768494
0.32472631335258484
0.6206652522087097
-0.22875849902629852
0.1578291952610016
0.498174250125885
-0.44035786390304565
0.2841222286224365
0.6996204257011414
-0.47288647294044495
-0.00948649737983942
0.6579229831695557
0.2569330930709839
-0.26703891158103943
0.10906706005334854
0.32999947667121887
0.10164258629083633
0.32321274280548096
0.17244796454906464
-0.09866766631603241
0.08434712886810303
0.10697947442531586
0.004913885146379471
-0.026752395555377007
-0.0322653092443943
-0.04862378537654877
0.03478623926639557
0.04259049519896507
-0.028420597314834595
0.020723534747958183
-0.0444628968834877
-0.013140734285116196
0.4476557970046997
0.3493843972682953
-0.03940407559275627
-0.04089831933379173
0.46617695689201355
0.07699908316135406
0.06291597336530685
0.2673394978046417
0.07652857154607773
0.09352774918079376
0.4117918908596039
-0.43636271357536316
0.44490939378738403
-0.3576253056526184
0.14745984971523285
-0.37948668003082275
-0.10863444954156876
0.05256107449531555
0.10387717187404633
-0.17333796620368958
-0.07801153510808945
0.4712521433830261
0.6914302110671997
0.33902186155319214
0.2780439853668213
0.19033201038837433
0.16588862240314484
0.26083076000213623
-0.07716161757707596
0.21719315648078918
0.4823150038719177
0.07221730798482895
0.06416559964418411
0.22708633542060852
-0.03695859760046005
-0.4197400212287903
0.04434746876358986
-0.12174850702285767
-0.06593635678291321
0.009380832314491272
-0.08100222051143646
-0.17670173943042755
-0.12148942798376083
-0.018400007858872414
-0.10024019330739975
1.2636913061141968
0.7014835476875305
-0.21629664301872253
0.5226559042930603
0.1770540326833725
0.056256260722875595
-0.28111374378204346
-0.1497029811143875
0.23370561003684998
-0.10904083400964737
-0.15340176224708557
-0.4848734736442566
-0.46183696389198303
0.6541509628295898
-0.15795007348060608
-0.06342869251966476
0.23035311698913574
-0.52284836769104
-0.05203060805797577
-1.154640555381775
-0.4955587685108185
0.1300366073846817
-0.9085058569908142
-0.2033921182155609
0.2458183616399765
-0.39070746302604675
-0.16703328490257263
-0.06804545968770981
0.1634635180234909
0.015650734305381775
0.24732975661754608
0.17790579795837402
0.1371440589427948
0.062438227236270905
-0.030628034844994545
0.09598948061466217
0.5800879597663879
-0.17731794714927673
-0.32687002420425415
0.5699508786201477
0.37921303510665894
-0.1795295923948288
0.1985950767993927
0.6088725924491882
-0.05236044526100159
-0.44831278920173645
0.1950695663690567
0.040120188146829605
-0.5152906179428101
0.26101380586624146
-0.08698955923318863
-0.05988006666302681
0.4708194136619568
-0.34913137555122375
-0.20694252848625183
0.1877593994140625
-0.22793203592300415
0.17615674436092377
0.16526736319065094
-0.023416779935359955
-0.15914665162563324
-0.038572899997234344
0.002217127475887537
-0.36614617705345154
0.22646407783031464
0.2912420928478241
0.03856628015637398
0.32502251863479614
0.24193967878818512
0.154403954744339
0.3394557237625122
0.04877985641360283
0.015572529286146164
0.02140428125858307
0.2001805156469345
0.21330569684505463
0.4807678461074829
0.17175240814685822
0.2551465928554535
0.19498705863952637
-0.16538746654987335
-0.08071770519018173
-0.6423550844192505
0.21735695004463196
0.47441616654396057
-0.22051407396793365
0.06734732538461685
-0.04602156952023506
0.04709355905652046
-0.007826503366231918
-0.06834933906793594
0.07645178586244583
-0.05345451086759567
-0.1455048769712448
0.07723624259233475
0.07260975241661072
-0.15898221731185913
0.08299530297517776
0.21402646601200104
-0.3888760805130005
-0.024302342906594276
0.44297146797180176
-0.2144436240196228
0.03224094957113266
0.28751465678215027
0.07859127968549728
-0.007837247103452682
-0.34710264205932617
-0.3274860084056854
0.4834434986114502
0.8175252079963684
-0.28485432267189026
0.20896029472351074
0.046495530754327774
-0.012785165570676327
0.09590036422014236
-0.6387384533882141
-0.29739904403686523
-0.0711347758769989
-0.14471328258514404
0.11879680305719376
-0.2045893520116806
-0.6166965365409851
0.07181654125452042
-0.3656008243560791
-0.3273906409740448
-0.03640969470143318
-0.04032748192548752
0.01877281814813614
0.05327580124139786
0.032762669026851654
0.010837907902896404
0.012280537746846676
0.037486910820007324
-0.006440811324864626
-0.16247676312923431
0.15775328874588013
0.28897586464881897
0.022903533652424812
-0.0030154732521623373
-0.03887883946299553
-0.4394676387310028
0.35840868949890137
0.22848764061927795
-0.02221713587641716
-0.11720042675733566
-0.27247604727745056
0.304443895816803
-0.15671192109584808
-0.2133454978466034
0.0901455506682396
0.024286584928631783
0.3059646487236023
0.2911764681339264
0.09092707186937332
0.0955251157283783
-0.15778331458568573
0.45735859870910645
0.21587592363357544
-0.4921075105667114
0.04025481268763542
0.27967578172683716
-0.0941849872469902
-0.7293098568916321
-0.3682580888271332
0.16911165416240692
-0.16294994950294495
-0.32737481594085693
-0.07992681115865707
-0.18508927524089813
-0.39548006653785706
-0.013706281781196594
-0.09182552248239517
-0.015097148716449738
0.015704575926065445
-0.051443252712488174
-0.022759782150387764
-0.004076302517205477
-0.04304783418774605
0.02376999333500862
0.7010356187820435
-0.25953409075737
-0.39158734679222107
0.7872554659843445
-0.15181519091129303
-0.23871424794197083
0.6690226197242737
-0.14721043407917023
-0.02939477004110813
0.31477463245391846
-0.2812661826610565
0.2114485204219818
0.45570793747901917
-0.2135607749223709
0.06884212791919708
-0.23946110904216766
0.45243310928344727
0.006437757983803749
0.213680237531662
0.5134315490722656
-0.3114209771156311
0.2581931948661804
0.8205199241638184
-0.029175572097301483
-0.3638097047805786
0.14344422519207
0.40862393379211426
-0.4835660457611084
-0.18210139870643616
-0.19377653300762177
-0.23882421851158142
-0.18055199086666107
-0.17333194613456726
-0.22731374204158783
-0.09313786774873734
-0.2918555438518524
-0.17090119421482086
0.06731628626585007
-0.7703958749771118
-0.44134774804115295
-0.4429337680339813
0.00852186232805252
-0.16205450892448425
-0.8281866908073425
-0.15368418395519257
0.19890764355659485
0.15744620561599731
0.01688169501721859
0.19500674307346344
0.34979382157325745
0.5301409959793091
0.18041664361953735
0.6114689707756042
0.057296041399240494
-0.0977189913392067
-0.04385914281010628
0.03684079274535179
-0.05722115933895111
0.014632845297455788
0.04900593310594559
-0.01598169095814228
-0.05176476016640663
0.017903652042150497
0.024124477058649063
-0.017677588388323784
-0.06464851647615433
0.33541324734687805
-0.39028894901275635
-0.2146461457014084
0.10741976648569107
-0.26257574558258057
0.10665180534124374
-0.10798171162605286
-0.04082116112112999
0.5577952265739441
-0.029779398813843727
-0.02954646572470665
0.16403864324092865
0.28018584847450256
0.09184662997722626
-0.7547991871833801
-0.25207415223121643
-0.00034720427356660366
0.42403024435043335
0.27854421734809875
0.14021073281764984
0.18157528340816498
0.5588873624801636
0.04630325362086296
0.27476879954338074
0.8014054298400879
-0.3087782859802246
-0.08880896866321564
0.20571628212928772
0.11345621198415756
-0.08118989318609238
0.08098040521144867
-0.28702110052108765
0.08666025102138519
-0.1846647560596466
0.11412083357572556
0.005473615601658821
-0.12322869896888733
0.049844302237033844
-0.05571332946419716
0.11341546475887299
-0.10989807546138763
-0.11557290703058243
0.0897848978638649
0.4349599778652191
-0.0919354036450386
-0.5140019655227661
-0.35448744893074036
-1.1027344465255737
0.3190147578716278
-0.590254545211792
0.22169126570224762
0.5556271076202393
-0.15777379274368286
0.0016352961538359523
-0.17757584154605865
0.10046958923339844
-0.30401086807250977
0.010028785094618797
0.06796906143426895
-0.0708199292421341
-0.18889343738555908
-0.22722910344600677
-0.3408503532409668
-0.340491384267807
-0.2005588710308075
-0.32216325402259827
-0.042486343532800674
-0.31122133135795593
-0.255351722240448
-0.1447550654411316
-0.29375115036964417
0.01887189969420433
-0.21671952307224274
0.13145890831947327
0.07238888740539551
0.028329230844974518
-0.2639249265193939
-0.23138989508152008
0.20876294374465942
0.6226286292076111
0.605309784412384
0.5505269169807434
0.03039274923503399
0.6509901881217957
0.05833694711327553
-1.244776725769043
-0.6003178954124451
-1.0249369144439697
-0.27661412954330444
-0.5106529593467712
-0.7681176662445068
-0.09297595918178558
-0.39588436484336853
-0.33126431703567505
0.011135002598166466
-0.5695971846580505
-0.4029349088668823
0.2485780119895935
0.5765532851219177
0.631033718585968
0.32087069749832153
0.6013432741165161
0.5417611598968506
-0.4561592638492584
-0.3391813039779663
-0.1834384649991989
0.2702785134315491
0.21942481398582458
0.15231668949127197
0.24304154515266418
0.1385326385498047
0.3942107558250427
0.31903135776519775
-0.5275672674179077
-0.16132479906082153
0.14251300692558289
-0.021828800439834595
-0.05981212481856346
0.3304082453250885
-0.4822238087654114
-0.008209566585719585
-0.2332409918308258
-0.4102536141872406
-0.22598327696323395
0.06260361522436142
0.08853042870759964
0.21881185472011566
0.09125328063964844
0.3913285732269287
0.39711993932724
0.26294317841529846
0.5140030980110168
0.46846768260002136
-0.10181760042905807
-0.011484756134450436
-0.0915265753865242
-0.0051996586844325066
0.09586375951766968
0.0781698003411293
-0.010866734199225903
-0.11630859225988388
0.17464955151081085
0.17012019455432892
-0.26492947340011597
-0.1179320439696312
0.1692284643650055
-0.24323171377182007
-0.38762813806533813
0.29185184836387634
-0.8639752864837646
-0.5603533983230591
-0.3993142247200012
-0.015644777566194534
-0.1337360292673111
0.3143344223499298
-0.48178812861442566
-0.23745648562908173
0.39371857047080994
-0.7988007068634033
-0.1930212378501892
-1.0220884084701538
0.13143105804920197
-0.203947052359581
-0.5452449917793274
0.23407089710235596
0.3535284698009491
-0.4974237084388733
-0.09433838725090027
0.435403972864151
-0.04969962686300278
0.019884806126356125
-0.000173237596754916
-0.01516247633844614
0.03082314319908619
-0.02243979088962078
-0.03834068030118942
-0.05234207957983017
-0.03112742118537426
-0.018307365477085114
-0.13997448980808258
-0.06779295206069946
-0.2482372671365738
0.22792375087738037
0.20425239205360413
-0.08440443128347397
0.0031897861044853926
0.07591529190540314
0.14859627187252045
-0.09842345118522644
0.0022059320472180843
0.05509180948138237
0.14627093076705933
0.07775966823101044
-0.13739314675331116
0.12082817405462265
-0.14877110719680786
0.2668420374393463
0.09891971945762634
0.07920517027378082
0.4374842345714569
0.12563155591487885
-0.307387113571167
0.7794430255889893
-0.36243394017219543
-0.8117119669914246
-0.2709343135356903
-0.4018515646457672
-0.2716159224510193
-0.20406360924243927
-0.12285511195659637
-0.14912128448486328
-0.03181277960538864
-0.16772155463695526
-0.12931856513023376
0.038959141820669174
0.1019158884882927
-0.05299212411046028
0.02270621433854103
-0.02738955058157444
-0.03044242225587368
0.012251217849552631
0.054817814379930496
-0.006865096278488636
0.26086702942848206
0.04033554345369339
-0.05727802589535713
-0.16814473271369934
-0.06689384579658508
0.33395200967788696
-0.7483726739883423
0.05541745945811272
0.24280737340450287
0.31090229749679565
0.47664323449134827
0.6828300952911377
0.13486754894256592
0.19996176660060883
0.9900999069213867
-0.3498629033565521
-0.0015392047353088856
0.4719274044036865
0.22460795938968658
-0.20062699913978577
-0.6915967464447021
0.33236613869667053
-0.23033778369426727
-0.1463950127363205
-0.028269775211811066
-0.09802873432636261
0.11360589414834976
-0.5683833360671997