-0.9027059078216553
-0.5601710677146912
0.532130241394043
0.5655876398086548
-0.19959275424480438
-0.2930673658847809
0.4543047249317169
0.7150278091430664
-0.39757588505744934
0.39910346269607544
-1.1077467203140259
-0.16768312454223633
0.7227403521537781
-0.6399593949317932
0.29986652731895447
0.4573103189468384
-0.1965171843767166
0.48450198769569397
0.14072071015834808
0.35656845569610596
1.3175427913665771
1.1984522342681885
1.1528655290603638
-0.1990686058998108
-0.26659345626831055
-0.2605535686016083
-1.213496446609497
-1.4556788206100464
-0.6628647446632385
0.7845155596733093
0.08882244676351547
-0.15168072283267975
0.3700496554374695
0.2859935164451599
0.561793863773346
0.10143904387950897
0.5979430675506592
0.5567943453788757
0.3036256730556488
-0.15242721140384674
0.5435760021209717
0.05836512893438339
0.8011735081672668
-0.5362924933433533
-0.6893191933631897
0.9603281021118164
-0.14330081641674042
-0.9503756165504456
0.578950047492981
0.6192154884338379
0.5668002367019653
-0.4056451618671417
-0.051522448658943176
0.4592892527580261
-0.46566706895828247
0.2954947352409363
-0.3035651445388794
0.3386271297931671
0.014610471203923225
0.17183564603328705
-0.5984237790107727
0.5847453474998474
0.3799918293952942
0.31152504682540894
-0.45250120759010315
0.2406291961669922
0.9027431607246399
-0.3678995370864868
-0.4157659411430359
0.2981155812740326
-0.7827762961387634
0.408280611038208
0.4934682548046112
-0.37318575382232666
0.6078932285308838
0.32010340690612793
-0.21642610430717468
0.3173196315765381
0.162255197763443
-0.442672461271286