-0.487300306558609
0.16079746186733246
0.16966930031776428
-0.13289211690425873
0.32084980607032776
-0.14801985025405884
-0.0210245493799448
0.42713552713394165
-0.24365830421447754
-0.1359187513589859
-0.2045137882232666
-0.22172412276268005
0.10490141808986664
0.471187949180603
-0.1323794424533844
-0.06109548360109329
0.43769511580467224
-0.009362099692225456
-0.10935309529304504
0.24118225276470184
0.13019433617591858
-0.061282262206077576
0.24108760058879852
-0.19681668281555176
0.4578465223312378
0.21548956632614136
-0.33437058329582214
0.028359413146972656
-0.042216088622808456
0.033733151853084564
-0.0510532520711422
-0.02513308636844158
0.024183489382267
0.008039623498916626
-0.029497237876057625
0.05748048424720764
0.026056423783302307
-0.11397205293178558
-0.7164193987846375
-0.2481541931629181
0.002376290736719966
-0.07056524604558945
-0.01610494963824749
-0.013180329464375973
-0.31398528814315796
0.28736159205436707
-0.4584926962852478
-0.09217675775289536
0.2999401390552521
-0.7208517789840698
0.3146158754825592
0.015751603990793228
-1.1027709245681763
0.6603652834892273
-0.5076223015785217
0.1356368362903595
-0.48580074310302734
0.0033022735733538866
0.32156550884246826
-0.1759616583585739
-0.25490880012512207
0.3526840806007385
-0.5774421691894531
-0.0407414436340332
-0.3555598556995392
-0.11073619872331619
-0.01343253068625927
0.11737212538719177
-0.049191031605005264
0.08421028405427933
0.035605862736701965
-0.06617732346057892
0.048080723732709885
0.025860173627734184
0.09397144615650177
-0.1291080266237259
-0.11077923327684402
0.0006191316642798483
-0.08509653806686401
0.021382750943303108
-0.20954854786396027
0.16204874217510223
-0.6993993520736694
-0.21583010256290436
-0.16615524888038635
-0.04526837542653084
-0.14913181960582733
-1.2165237665176392
-0.2706237733364105
0.12202624976634979
0.1627727448940277
0.0586230643093586
-0.12168525904417038
-0.28995436429977417
0.10521207749843597
-0.11525129526853561
0.07821626216173172
0.18831895291805267
0.0777106061577797
-0.0955171138048172
-0.04176061227917671
0.028857845813035965
-0.0432906448841095
-0.04982966184616089
-0.006703261751681566
0.070707306265831
0.05314125865697861
-0.039268609136343
0.07368429005146027
-0.09261870384216309
-0.026884324848651886
-0.050944723188877106
-0.02292265184223652
-0.022590555250644684
-0.02362181432545185
-0.04815628379583359
-0.27194294333457947
-0.19727006554603577
-0.021467670798301697
0.35051634907722473
0.6105263233184814
-0.3984825611114502
-0.024602603167295456
-0.40110641717910767
-0.42729467153549194
-0.10982370376586914
0.8519088625907898
-0.9573556184768677
0.23144280910491943
0.9695196747779846
0.04853072389960289
0.20271912217140198
0.47190386056900024
-0.6040694117546082
-0.39217016100883484
-0.0008990067290142179
0.12318281084299088
0.2570505142211914
-0.22728949785232544
-0.6452986598014832
0.10449625551700592
-0.36650848388671875
-0.29122012853622437
-0.3636108636856079
0.9381887316703796
0.4633741080760956
-0.5519477128982544
2.3604612350463867
0.31314635276794434
-0.1603161245584488
1.3038700819015503
0.18862153589725494
-0.3112178146839142
0.03531554341316223
0.3749221861362457
0.11462002992630005
-0.31797969341278076
0.14623787999153137
-0.0029242634773254395
-0.024399541318416595
-0.05485896021127701
-0.031178954988718033
-0.213826984167099
0.08687005937099457
-0.23851917684078217
-0.007785693276673555
0.0626026913523674
0.07623317837715149
-0.0697752982378006
0.17648766934871674
-0.10309211909770966
0.18776479363441467
0.03431868925690651
0.07526054233312607
0.11578492820262909
-0.1382046639919281
0.01330543216317892
-0.16581083834171295
-0.042172402143478394
-0.007780267391353846
0.7110889554023743
0.024961218237876892
-0.47177430987358093
1.1621525287628174
-0.0706961378455162
-0.345643013715744
0.8963987827301025
-0.5281946063041687
-0.8894730806350708
0.03427708521485329
-0.12028057128190994
0.04849295690655708
0.367146372795105
-0.5081468820571899
0.22968420386314392
0.4951423108577728
-0.7630268335342407
-0.8403993844985962
0.21222473680973053
-0.31127461791038513
-0.09838555008172989
0.6949506998062134
-0.5825265645980835
-0.3800194561481476
-0.796994686126709
-0.7861258387565613
-0.16202004253864288
0.008906942792236805
-0.026882074773311615
-0.04040108993649483
0.023273609578609467
0.009249238297343254
0.009429746307432652
-0.015239113010466099
-0.054733920842409134
-0.04929298907518387
-0.0005219372105784714
-0.20029839873313904
-0.17916534841060638
-0.37276706099510193
-0.3387250602245331
-0.23257365822792053
0.11326831579208374
-0.10154139250516891
0.3747193515300751
-0.1020381823182106
0.06497526168823242
0.12863224744796753
0.15069259703159332
0.08961629867553711
0.2805408239364624
0.13389146327972412
0.036060016602277756
0.04093153774738312
-0.6576757431030273
0.3489678204059601
-0.12095953524112701
0.6388691067695618
0.2510468363761902
-0.7765728831291199
1.0298110246658325
0.5219807624816895
-0.568550705909729
0.013062536716461182
-0.0680622011423111
-0.09942197054624557
-0.07006064802408218
0.14039461314678192
-0.15080536901950836
-0.14042724668979645
0.30050814151763916
0.019156066700816154
0.023522837087512016
-0.048174720257520676
-0.02686098963022232
-0.037030648440122604
0.03000369481742382
-0.10165619105100632
0.04399782046675682
-0.017063187435269356
-0.021580541506409645
0.32672539353370667
0.3123863637447357
-0.12967842817306519
-0.0744858831167221
0.4735710024833679
-0.05561241880059242
0.2221018224954605
-0.2974430322647095
-0.0628175288438797
-0.715121865272522
-0.08199083805084229
0.2670976519584656
-0.05610135197639465
-0.1345568150281906
-0.5528130531311035
-0.2913864254951477
-0.34323981404304504
-0.48068246245384216
-0.3072696030139923
0.15814101696014404
-0.38754895329475403
0.24474504590034485
0.5907582640647888
-0.14604979753494263
-0.5771124958992004
0.4807869493961334
-0.1054842472076416
-0.08420199900865555
0.23272773623466492
0.40722864866256714
-0.6624025106430054
0.08005025237798691
0.46523717045783997
-0.2785493731498718
0.07224654406309128
0.2514268755912781
-0.4467654526233673
-0.19428545236587524
1.2017072439193726
-0.4870831370353699
-0.9346607327461243
0.7915099263191223
-0.46272289752960205
-0.3729214370250702
0.5588793754577637
-0.37652093172073364
-0.044620852917432785
0.10935962200164795
0.10459109395742416
-0.23535138368606567
-0.291527658700943
0.09237603843212128
-0.013886607252061367
-0.20467542111873627
-0.09365417808294296
-0.05119534954428673
0.01205288153141737
0.008458352647721767
0.0554739348590374
0.027088278904557228
0.0019855168648064137
0.05085161328315735
-0.013158745132386684
0.01984437368810177
0.2641146779060364
-0.01784324273467064
-0.08818458020687103
0.12292348593473434
0.17196455597877502
-0.1381237804889679
0.2890855371952057
-0.002816446591168642
0.0925222709774971
-0.7493536472320557
0.16394151747226715
-0.04269900172948837
-0.6419536471366882
-0.05359466001391411
-0.046148452907800674
-0.5084678530693054
-0.008774928748607635
0.19802223145961761
-0.22147247195243835
-0.19550424814224243
-0.3189086616039276
0.073309987783432
-0.19207863509655
0.3803752064704895
-0.024104515090584755
0.5998439192771912
-0.0029446447733789682
-0.4392733573913574
0.18005719780921936
-0.5190568566322327
-0.27745911478996277
0.6049087643623352
-0.20584140717983246
0.006206975318491459
0.3934338688850403
-0.03683201223611832
-4.687025648308918e-05
-0.12070627510547638
0.24422746896743774
-0.1299518346786499
0.040860675275325775
0.16224120557308197
0.07333579659461975
0.1347256451845169
0.07837624847888947
-0.3616708517074585
0.7693986296653748
0.4946695566177368
-0.25177428126335144
0.240966334939003
-0.07909595221281052
-0.8513075709342957
0.9223042130470276
0.29852452874183655
0.3916168808937073
0.18508169054985046
-0.06590043753385544
-0.06532381474971771
0.05460100620985031
-0.25535643100738525
0.3765890300273895
0.015964966267347336
-0.13428995013237
0.36676284670829773
0.321707546710968
-0.6513906717300415
0.36735010147094727
0.3491348922252655
-0.4696959853172302
0.2625974416732788
0.2896426022052765
-0.4225669205188751
6.414773088181391e-05
-0.1950654536485672
0.07690762728452682
-0.05264031141996384
-0.08394267410039902
-0.11554211378097534
0.16693414747714996
0.013717268593609333
0.0839422419667244
-0.09383539855480194
-0.1304573267698288
0.11894150823354721
-0.34946390986442566
0.29923015832901
0.0173443965613842
-0.6752744913101196
-0.5738919973373413
0.28786560893058777
-0.4353821873664856
-0.04250705987215042
-0.7804293632507324
-0.03618292510509491
-0.07052504271268845
-0.09921682626008987
-0.05571503937244415
-0.6014098525047302
-0.09071876108646393
0.1009763777256012
-0.44684070348739624
-0.47279253602027893
0.09616026282310486
-0.07077914476394653
0.30898621678352356
-0.5734653472900391
-0.4893876612186432
0.0016122760716825724
0.5185101628303528
-0.21549834311008453
0.48444098234176636
-0.20715752243995667
-0.12075989693403244
0.10804634541273117
0.016386505216360092
0.026919161900877953
-0.4423929750919342
0.1073593869805336
0.05234544724225998
-0.12113408744335175
-0.01639382541179657
0.026740213856101036
-0.14261989295482635
0.13317358493804932
0.13353954255580902
-0.12100842595100403
-0.11908434331417084
0.20452068746089935
-0.41344791650772095
0.2729753255844116
-0.1933743953704834
-0.2893713414669037
0.15630169212818146
0.44637730717658997
-0.1988837718963623
-0.1985442340373993
0.040374863892793655
-0.2908182442188263
0.10933466255664825
-0.019134199246764183
0.08484861999750137
-0.10483194887638092
0.01770719327032566
-0.056050196290016174
0.3284590542316437
-0.3999921381473541
0.2749169170856476
-0.24837321043014526
-0.6626193523406982
-0.48268964886665344
-0.04562550038099289
-0.8600587248802185
-0.7189505696296692
-0.49772608280181885
-0.9831083416938782
-0.39788100123405457
-0.12889565527439117
-0.7485679984092712
-0.702075719833374
-0.8111987709999084
-0.9200246930122375
-0.09998802095651627
-0.87209153175354
-0.7905498147010803
-0.6220291256904602
-0.5447660684585571
-0.9941422343254089
-0.6761273145675659
-0.7331162095069885
-0.007068939507007599
0.5675298571586609
-0.03542080894112587
0.0255303755402565
-0.056836627423763275
0.0315181165933609
-0.05818978697061539
-0.028774118050932884
-0.03440672904253006
-0.022782331332564354
-0.031916599720716476
-0.18500863015651703
0.09314505010843277
0.036018021404743195
0.11861290782690048
-0.17829586565494537
0.03690224513411522
-0.2988502085208893
0.007683893665671349
0.115919329226017
-0.058646418154239655
0.03439876064658165
-0.027905935421586037
-0.09628293663263321
0.07875911891460419
-0.0017669571097940207
-0.015476948581635952
-0.03167964518070221
-0.20166902244091034
0.03526686131954193
0.053365401923656464
0.02812621183693409
-0.41172292828559875
-0.3139086961746216
-0.26795095205307007
0.04068651422858238
-0.28151845932006836
-0.2603263556957245
0.2690867781639099
0.18671180307865143
-0.6757211089134216
0.3137807846069336
0.19915461540222168
-0.5663837194442749
0.3502681255340576
0.3377283811569214
-0.45217737555503845
0.021127520129084587
-0.06015869602560997
-0.052606742829084396
-0.0028448000084608793
-0.0831420049071312
0.04457615688443184
0.05797439441084862
0.00720857921987772
-0.01374614518135786
0.31132185459136963
1.8730738162994385
-0.22075770795345306
-0.09915931522846222
1.3311079740524292
0.02675042673945427
-0.02554069645702839
0.6719357967376709
0.18384519219398499
0.254437655210495
-0.13641847670078278
-0.5158849358558655
0.40772944688796997
-0.14092598855495453
0.1429435759782791
0.13183510303497314
0.10082077234983444
-0.07640064507722855
-0.31468191742897034
1.3273980617523193
1.0418821573257446
-0.3645649552345276
0.5977527499198914
0.3630664050579071
-0.34435731172561646
0.9553205370903015
0.49209997057914734
0.03554711863398552
-0.45932281017303467
-0.16709473729133606
-0.011020937003195286
-0.012241602875292301
0.3192007839679718
-0.05524927005171776
-0.1964922398328781
0.07820063084363937
-0.3738080859184265
0.26293566823005676
-1.2524703741073608
-0.1745532751083374
0.17619505524635315
-0.29544806480407715
-0.20553922653198242
0.05563153699040413
0.38693153858184814
-0.23926375806331635
-0.5436491966247559
0.04776471480727196
-0.24760772287845612
0.004123392049223185
0.0035122830886393785
-0.4880208373069763
0.036380916833877563
-0.019435720518231392
-0.5602682828903198
-0.023932604119181633
-0.05082138627767563
0.009312598966062069
-0.04016353189945221
0.04443483427166939
0.05687948316335678
-0.04132748767733574
-0.01862356811761856
-0.04317166283726692
0.24381771683692932
-0.2870544493198395
-0.27416113018989563
0.2539190948009491
0.007185406517237425
-0.14876170456409454
-0.19079764187335968
-0.0010366427013650537
-0.19135674834251404
0.15896788239479065
0.2543501853942871
-0.039867475628852844
0.4384632706642151
-0.3280535042285919
-0.03642996400594711
-0.7729072570800781
-0.6527661085128784
-0.30016961693763733
0.11789869517087936
0.004171239677816629
0.19142703711986542
0.31184783577919006
0.12874996662139893
0.0526137575507164
-0.4276898205280304
0.06411632150411606
0.10092691332101822
0.0674813762307167
-0.03333830088376999
-0.14250275492668152
0.07476618885993958
-0.02467159740626812
0.1890692263841629
0.02915607951581478
0.05593878775835037
-0.8052968382835388
-0.01687612757086754
0.11814574152231216
-0.06787435710430145
0.056780580431222916
0.03827688843011856
-0.016216598451137543
-0.11096717417240143
0.09489802271127701
0.023382151499390602
0.6143038272857666
-0.5932549238204956
-0.6181981563568115
0.4691777229309082
-0.2177950143814087
0.15831243991851807
-1.1241010427474976
1.1217206716537476
0.940902590751648
-0.03825861215591431
0.1724586933851242
-0.23756778240203857
-0.00810765940696001
-0.25838014483451843
0.024711722508072853
0.18157292902469635
0.5580403208732605
-0.01842658407986164
-0.5817970037460327
-0.2049645483493805
0.18568621575832367
-0.4963391423225403
0.09723544120788574
0.1468866616487503
-0.016002768650650978
0.13391456007957458
-0.22417600452899933
0.18897797167301178
-0.08794417232275009
0.20210008323192596
0.02003861963748932
0.15473607182502747
0.17977569997310638
-0.020376622676849365
-0.06137888878583908
0.029657211154699326
-0.0739857405424118
0.48235565423965454
0.10603521019220352
0.4353819191455841
-0.19241487979888916
-0.26753175258636475
-0.368831068277359
-0.24662870168685913
-0.2462557852268219
0.38886430859565735
-0.22564129531383514
-0.20395247638225555
0.19832512736320496
-0.1706022471189499
-0.20881173014640808
0.01126315537840128
-0.5646671652793884
-0.1924079954624176
-0.21709448099136353
-0.044695135205984116
0.13506680727005005
0.3355916440486908
0.29823940992355347
0.07401208579540253
-0.016827112063765526
-0.2493397742509842
-0.9844330549240112
-0.48611003160476685
0.532322883605957
0.3813144862651825
0.2681058347225189
0.8250676393508911
-0.25969982147216797
0.16291365027427673
0.625041663646698
-0.6621854901313782
-0.1000625416636467
-0.24780236184597015
0.30520492792129517
0.04193517938256264
0.020314611494541168
-0.14776194095611572
0.12103114277124405
0.1790611445903778
-0.10990732163190842
0.15967513620853424
0.20344354212284088
-0.03468585014343262
0.4266335964202881
0.6351959705352783
0.39197370409965515
0.37644749879837036
0.05468006804585457
0.4514554738998413
0.009976577013731003
-0.09377735108137131
-0.16066530346870422
-0.15173397958278656
-0.045975156128406525
0.020776662975549698
0.09195974469184875
-0.12856583297252655
0.026505928486585617
-0.23275762796401978
0.5593128800392151
-0.0159155186265707
0.20470449328422546
0.5461116433143616
-0.8996245861053467
-0.2707246243953705
-0.24487310647964478
-1.0402384996414185
0.216450497508049
0.46990901231765747
-0.1844070851802826
-0.1187169998884201
0.049800559878349304
-0.9975565671920776
-0.3996675908565521
-0.7381787896156311
0.3499477207660675
0.4114149808883667
-0.5038689970970154
-0.3847093880176544
0.17100201547145844
-0.3584398031234741
0.049890510737895966
-0.6583781242370605
-0.013760240748524666
1.161685824394226
0.05794185772538185
0.033179838210344315
0.0032946541905403137
0.041739750653505325
-0.007789187133312225
-0.04796411097049713
0.03909164294600487
0.03854988142848015
-0.008390994742512703
-0.20425890386104584
-0.18055278062820435
0.0879603773355484
-0.22882971167564392
-0.4267370402812958
-0.0949990451335907
0.20175965130329132
-0.4149249792098999
-0.3272533714771271
0.15256871283054352
-0.13432221114635468
-0.0056359670124948025
0.032583702355623245
-0.3168759346008301
0.24234268069267273
-0.12158825993537903
0.036366187036037445
0.17044517397880554
-0.8823007941246033
0.18514935672283173
0.17226193845272064
-0.06396973878145218
0.7769802212715149
-0.3231714963912964
0.1225975975394249
0.4012833535671234
-0.8018948435783386
-0.13406974077224731
-0.31873130798339844
0.1404542326927185
-0.1377485990524292
-0.06371229887008667
0.20740345120429993
-0.0028531106654554605
0.018825851380825043
-0.2784941792488098
0.057131845504045486
0.0036716570612043142
-0.052231620997190475
-0.05444633215665817
-0.005489198490977287
0.019224414601922035
0.0468050017952919
0.013062418438494205
0.01898058131337166
0.24962575733661652
-0.9673983454704285
-0.6744065284729004
0.13808947801589966
-0.5330139398574829
-0.39274176955223083
-0.059507228434085846
0.3820626437664032
-0.11548133939504623
0.12615449726581573
0.2538585364818573
-0.4490569531917572
0.6833322048187256
0.47507187724113464
-0.5907219052314758
0.09406636655330658
0.0007750345394015312
-0.45258253812789917
0.14479218423366547
-0.025797231122851372
-0.4451664984226227
0.6289189457893372
-0.12783542275428772
-0.161550834774971
-0.4201333224773407
0.5279300212860107
0.37341225147247314
-0.4304485619068146
-0.5793282389640808
-0.48871883749961853
-0.20728251338005066
-0.43517744541168213
-0.2593918442726135
-0.6052567958831787
0.05407603457570076
0.32238563895225525
-0.3675823211669922
0.0312466099858284
-0.49068593978881836
0.34912529587745667
0.04712018370628357
-0.2833706736564636
-0.12805886566638947
0.4154251515865326
0.025153186172246933
-0.33806154131889343
0.2745310962200165
-0.18124912679195404
-0.12054607272148132
0.0927509143948555
0.06184365600347519
-0.15189765393733978
-0.08415894955396652
0.3179143965244293
-0.11738404631614685
-0.00821478571742773
-0.019725251942873
-0.011106902733445168
-0.04956597089767456
-0.04627002030611038
-0.05534535273909569
0.008353477343916893
-0.029234690591692924
0.04996981471776962
-0.10096687823534012
-0.025510281324386597
0.3124118447303772
-0.1616133451461792
0.01698037050664425
0.06778048723936081
0.19107671082019806
0.28774920105934143
0.0850728303194046
0.40936559438705444
-0.09682892262935638
0.21545282006263733
-0.0391574427485466
-0.48157086968421936
0.017695102840662003
-0.02940145507454872
0.19887778162956238
-0.09631005674600601
-0.5358484983444214
-0.34877774119377136
-0.23836009204387665
-0.3203175365924835
0.061708904802799225
0.2626405656337738
0.023439357057213783
0.09220106899738312
0.23158808052539825
-0.46658971905708313
0.10705787688493729
-0.17361485958099365
-0.5627747774124146
0.014368046075105667
-0.7453534007072449
-0.08932121843099594
0.3656969368457794
-0.5388162732124329
-0.033478353172540665
-0.16249805688858032
0.05313539877533913
-0.05149274691939354
-0.05834529548883438
-0.029261410236358643
-0.01963021792471409
0.12156916409730911
-0.024838054552674294
0.3389897644519806
-0.1837349832057953
0.1754399836063385
0.014451462775468826
-0.46478232741355896
-0.1983259618282318
-0.07137920707464218
0.2358851432800293
0.46208813786506653
-0.3480151891708374
-0.20748013257980347
0.3589949607849121
-0.1885075569152832
0.18945275247097015
-0.2197132706642151
-0.0628146156668663
-0.21123376488685608
-0.4240131378173828
-0.49288323521614075
0.1831994652748108
0.2872075140476227
-0.40969759225845337
-0.5842558145523071
-0.41498371958732605
0.2800725996494293
-0.13228559494018555
-0.43254584074020386
0.07462762296199799
0.015309745445847511
0.1092592105269432
0.23331806063652039
0.17319664359092712
0.15039484202861786
-0.1260448396205902
0.014407983981072903
-0.04909588024020195
0.27937376499176025
0.34432682394981384
0.11948011815547943
0.5144915580749512
-0.1649792641401291
-0.4933026432991028
0.47655588388442993
0.291968435049057
-0.5951249599456787
0.18289917707443237
0.4496326148509979
0.3782360851764679
-0.4020080864429474
-0.30801403522491455
0.05233273282647133
0.21645142138004303
-0.4038942754268646
-0.47803646326065063
0.0009541418985463679
0.580023467540741
-0.13830792903900146
0.24228879809379578
1.0327906608581543
0.5040596723556519
0.37585169076919556
0.3262428343296051
-0.06779947131872177
-1.0894644260406494
0.26313626766204834
0.5682108998298645
-0.06255530565977097
0.1532115936279297
0.2740943431854248
0.6110019683837891
-0.014403276145458221
-0.5314939618110657
-0.023380177095532417
0.05709848180413246
-0.17498381435871124
0.3128889501094818
0.214739590883255
-0.1553608924150467
-0.09941589087247849
0.14562393724918365
0.14411133527755737
0.0907905250787735
-0.3428788483142853
-0.011231431737542152
-0.1623098999261856
-0.027933873236179352
0.19809779524803162
0.16643165051937103
-0.5345128178596497
-0.3107507824897766
0.08687049150466919
0.05756822228431702
-0.05685782432556152
0.13528917729854584
0.06877466291189194
-0.00433126138523221
-0.10833712667226791
-0.052072763442993164
0.05614854022860527
-0.6657538414001465
-0.07295722514390945
0.7352353930473328
0.22266626358032227
-0.11370861530303955
0.26717063784599304
0.7641888856887817
-0.3941800594329834
-0.5599089860916138
0.37816575169563293
0.7166333198547363
0.9552072286605835
-0.007251880131661892
-0.026967942714691162
0.16979220509529114
0.2145041823387146
0.02015252597630024
-0.5149633884429932
0.15022173523902893
0.5010293126106262
0.7818818688392639
-0.3522133529186249
-0.45329874753952026
0.3617391586303711
-0.07119248062372208
-0.3974209725856781
0.36349886655807495
-0.05682343617081642
0.005775080528110266
-0.019580934196710587
-0.05674060061573982
0.010035810992121696
0.03352842852473259
0.004705941304564476
0.031172920018434525
0.01667572371661663
-0.007634575478732586
0.05753928795456886
0.1661926507949829
0.16183899343013763
-0.18372103571891785
0.08718743920326233
0.018919454887509346
0.0800522118806839
0.292778342962265
-0.11942844092845917
0.12939980626106262
0.2547115385532379
-0.1484639048576355
-0.007045055739581585
0.29484325647354126
-0.11549782752990723
0.0337253212928772
-0.28879275918006897
-0.11473232507705688
0.09106701612472534
0.48743656277656555
-0.029082931578159332
0.48578107357025146
-0.2963609993457794
0.3278454542160034
0.6452511548995972
-0.08379993587732315
-0.28889042139053345
-0.33096036314964294
-0.16606833040714264
-1.0838463306427002
-0.3040839731693268
-0.24199044704437256
-0.8695647716522217
0.35718604922294617
-0.534721851348877
-0.0165694709867239
0.04129365459084511
0.04554158076643944
0.006150468718260527
0.03174141049385071
0.03670160099864006
0.037784889340400696
0.05333909019827843
-0.02145756408572197
-0.37293297052383423
-0.5983606576919556
-0.16940747201442719
-0.1093674749135971
-0.45812928676605225
-0.47051167488098145
0.08220823109149933
0.0003365777956787497
-0.09292209893465042
-1.381137728691101
-0.4401302933692932
-0.06246434897184372
-0.4276614189147949
-0.22724303603172302
-0.0692693218588829
-0.4065561890602112
0.1146576926112175
0.19152671098709106
-0.7277057766914368
-0.840725302696228
-0.19772911071777344
-0.021043751388788223
-0.8691805005073547
0.037917234003543854
-0.058434974402189255
0.2123998999595642
0.3964811861515045
-0.6208099722862244