0.17620958387851715
0.007198813371360302
-0.46022042632102966
0.3136115074157715
0.029541008174419403
-0.07003694027662277
0.2933925986289978
0.3511489927768707
-0.4135114550590515
-0.5297331213951111
0.26252683997154236
-0.46471673250198364
-0.6320410966873169
0.319125771522522
0.08372323960065842
-0.0692228153347969
0.7459357380867004
-0.29916083812713623
0.13693831861019135
-0.24231132864952087
-0.40066003799438477
0.19695395231246948
0.228749617934227
0.10664729028940201
0.0752328559756279
0.1749628633260727
0.013759911991655827
0.051538605242967606
0.012823037803173065
-0.04541950300335884
0.012201041914522648
0.04117151349782944
0.026494815945625305
-0.04495231807231903
-0.042433496564626694
0.05559178441762924
0.375984251499176
0.17038272321224213
0.4417669177055359
-0.14773938059806824
0.08815987408161163
0.20691463351249695
0.025288546457886696
0.6080571413040161
0.2744292914867401
-0.22176295518875122
-0.6359601020812988
-0.5022366642951965
0.49842143058776855
-0.08046296238899231
-0.17183127999305725
0.29453104734420776
-0.14604364335536957
0.19763962924480438
0.2112322300672531
0.08045566827058792
-0.09372679889202118
0.4630233943462372
-0.4667801260948181
0.022129422053694725
0.405229389667511
0.6271579265594482
-0.3135228455066681
-0.018781276419758797
-0.056199364364147186
-0.7184998989105225
-0.2651771306991577
0.11058121174573898
-0.029790347442030907
0.19780194759368896
0.09736354649066925
-0.37730345129966736
-0.16604918241500854
-0.010700688697397709
-0.0781448632478714
-0.08427616953849792
0.11598330736160278
0.13614539802074432
-0.07798267155885696
0.12378105521202087
0.21043233573436737
-0.7140206098556519
-0.18035517632961273
0.3265396058559418
-0.6195781826972961
-0.27707475423812866
-0.4932192265987396
-0.358648419380188
1.0875765085220337
0.6425263285636902
-0.14147111773490906
0.2735862731933594
-0.2680370807647705
-0.08295265585184097
0.3046105206012726
0.019484739750623703
-0.026229990646243095
0.01754673756659031
-0.4687429666519165
-0.31870684027671814
-0.28531354665756226
-0.2674223482608795
-0.18403714895248413
-0.2308635115623474
0.006784343626350164
-0.18854357302188873
-0.1606302708387375
-0.21963858604431152
-0.21046790480613708
0.21758662164211273
0.01811288110911846
0.07205040007829666
0.19516493380069733
-0.12930332124233246
-0.12184002995491028
0.2781277000904083
0.026365382596850395
0.4531811773777008
-0.39784541726112366
0.7195732593536377
0.24561239778995514
-0.4301387667655945
-0.23230032622814178
0.385860413312912
-0.5046601891517639
-0.9753501415252686
-0.3310234546661377
-0.011066713370382786
-0.015404114499688148
-0.49696746468544006
-0.4665341079235077
-0.039175063371658325
-0.04295472055673599
-0.1369050145149231
0.11368291079998016
-0.0953575074672699
-0.1109505146741867
-0.3101775050163269
0.3259755074977875
0.01430180948227644
0.3560817539691925
-0.08151165395975113
-0.5219574570655823
0.048082929104566574
-0.4247399866580963
-0.6816619634628296
-0.06193245202302933
-0.23916932940483093
-0.6647947430610657
0.3414868116378784
0.24830982089042664
0.29505184292793274
0.6554545164108276
-0.1963062435388565
0.3397354781627655
0.14517143368721008
-0.15066231787204742
-0.022933345288038254
-0.18172232806682587
0.06258734315633774
0.1922951340675354
0.044754043221473694
-0.23771560192108154
-0.271201491355896
-0.7123246788978577
-0.2647487223148346
-0.1010417714715004
-0.23422080278396606
0.11063261330127716
-0.49399152398109436
-0.10329246520996094
-0.08981283009052277
0.03267650678753853
0.0765109434723854
-0.02195051684975624
-0.057970743626356125
-0.038668498396873474
0.19527047872543335
0.1668994426727295
0.0546964593231678
-0.3384578824043274
-0.6211270689964294
0.3267880976200104
0.03262699395418167
-0.37077850103378296
0.5719395875930786
-0.10487359762191772
-0.027523137629032135
0.14200231432914734
-0.999232292175293
-1.0114589929580688
-0.017467699944972992
-1.2222110033035278
-1.0315823554992676
-0.5529942512512207
-0.4445948004722595
-0.27107176184654236
1.2484159469604492
-0.35378900170326233
-0.38110703229904175
-0.13939546048641205
-0.468654066324234
-1.1160084009170532
-0.8643376231193542
-0.3863917589187622
-0.10632620006799698
0.8898868560791016
-0.008560243062675
0.05063890665769577
-0.03616807982325554
-0.031207740306854248
-0.04577083885669708
-0.005773809272795916
0.029034065082669258
0.055213768035173416
0.027128450572490692
-0.2858203053474426
0.024159712716937065
-0.14530271291732788
-0.01892075315117836
0.05711875855922699
-0.15092355012893677
-0.16419315338134766
-0.04707234352827072
-0.05606183782219887
0.12290554493665695
-0.009193743579089642
-0.007729207165539265
0.029968136921525
-0.06740853935480118
-0.4375993311405182
0.042231909930706024
-0.04634017497301102
0.04036235064268112
0.030906161293387413
-0.025344504043459892
-0.5004982948303223
0.02931489236652851
-0.48837703466415405
-0.11794470250606537
-0.051930248737335205
-0.24723079800605774
0.20443201065063477
-0.347994327545166
-0.17631611227989197
-0.6467406749725342
-0.1445225477218628
-0.021807674318552017
-0.21218177676200867
-0.12339167296886444
0.07353787124156952
-0.4941178262233734
0.019394343718886375
0.02123383618891239
0.03418201580643654
0.05211289972066879
0.08604742586612701
-0.02317652478814125
0.037122972309589386
0.012008072808384895
-0.026232346892356873
-0.7581688761711121
0.1396484225988388
0.028546292334794998
-0.16937564313411713
-0.007857236079871655
0.3246053159236908
0.15549717843532562
0.3489948809146881
-0.19443784654140472
-0.1305042952299118
-0.22850766777992249
-0.40340158343315125
-0.22915144264698029
-0.28809836506843567
0.3675410747528076
-0.09783245623111725
-0.006562550086528063
-0.23375603556632996
-0.43343085050582886
-0.22163884341716766
0.3339197337627411
-0.05006284639239311
-0.13063794374465942
0.34878042340278625
0.3292748034000397
0.6922070980072021
0.27956292033195496
-0.3399708867073059
0.10445591807365417
0.09145102649927139
0.02065015584230423
-0.12476760149002075
0.013515723869204521
-0.2764427065849304
-0.22335131466388702
0.12494827061891556
-0.4600505828857422
-0.5907449126243591
-0.0435790941119194
0.5130366683006287
-0.9030876755714417
-0.47321853041648865
0.11984284967184067
-0.9440034031867981
-0.5695974230766296
-0.15870513021945953
0.12616141140460968
-0.4165585935115814
0.21311619877815247
-0.06441084295511246
-0.38569939136505127
-0.04463304579257965
-0.439089834690094
-0.4310385584831238
-0.028757406398653984
-0.041276782751083374
-0.005263698752969503
-0.02770896814763546
0.04246987774968147
0.056863658130168915
0.010539121925830841
0.008799293078482151
-0.015883728861808777
-0.007946746423840523
-0.19111211597919464
-0.39649131894111633
-0.06188367307186127
-0.5816518068313599
-0.3742455542087555
0.18500958383083344
-0.11584620177745819
-0.18257655203342438
-0.22734566032886505
-0.3641383647918701
-0.17367948591709137
-0.19315293431282043
-0.7299513816833496
-0.12042127549648285
0.3744008243083954
-0.14842574298381805
0.44452959299087524
0.38526856899261475
-0.12349017709493637
-0.6708791255950928
-0.42089980840682983
-0.8529691100120544
-0.8252016305923462
-0.9977607131004333
-0.8780917525291443
-1.276853084564209
-0.746795654296875
0.33348122239112854
0.5324563384056091
-0.05137592554092407
0.09459913522005081
0.1619928628206253
-0.07648029923439026
-0.1728755533695221
-0.13053762912750244
0.007647253572940826
-0.05350545048713684
-0.14942391216754913
-0.08928661793470383
0.05296441912651062
-0.05994949862360954
-0.02398090623319149
0.0509469173848629
0.07295046746730804
0.038326527923345566
-0.0842021107673645
0.013594722375273705
0.42272424697875977
0.011069973930716515
0.08993011713027954
0.5148733854293823
0.31071463227272034
0.518012523651123
0.06982579082250595
0.1979614943265915
0.0629361942410469
-0.19938452541828156
0.20900139212608337
0.03889969363808632
-0.2604602575302124
0.2778714895248413
-0.30567002296447754
-0.1243273988366127
0.39636632800102234
0.3877659738063812
0.3818643093109131
0.2542620301246643
0.061429712921381
0.20915688574314117
0.10670730471611023
0.12455916404724121
-0.155638188123703
-0.21505071222782135
-0.09483984857797623
-0.07451893389225006
-0.1304589807987213
0.1463223695755005
-0.1350761204957962
0.07834448665380478
-0.04306124895811081
0.052201978862285614
0.02886652760207653
0.24947455525398254
0.22682523727416992
-0.6610310673713684
-0.4211285412311554
-0.1398707926273346
-0.4528815746307373
-0.5162997245788574
-0.2615680992603302
0.4271908700466156
0.41658222675323486
-0.20317061245441437
-0.07900529354810715
0.006968575529754162
0.03883153572678566
-1.0443350076675415
-0.39382031559944153
-0.3887315094470978
-0.06883656978607178
-0.24142593145370483
-0.1660667508840561
-0.29852572083473206
-0.5559431314468384
-0.548237144947052
0.12400335818529129
0.38441863656044006
-0.08824846148490906
-0.5769621729850769
-0.4824988842010498
-0.3464403450489044
-1.5455347299575806
-0.9851942658424377
-0.0571102537214756
-1.4363532066345215
-0.8426356315612793
-1.143803358078003
0.3396010994911194
0.33092162013053894
-0.4541330933570862
-0.18539652228355408
-0.21963372826576233
-0.029257765039801598
-0.033374182879924774
-0.32757511734962463
0.004506991244852543
-0.34732118248939514
-0.299597829580307
-0.35235440731048584
-0.975717306137085
-0.328575998544693
-0.3172369599342346
-0.6369393467903137
-0.1962994784116745
-0.6461091041564941
-0.010449939407408237
-0.15200532972812653
0.011390329338610172
0.24308572709560394
0.05834418162703514
0.0031260771211236715
-0.024897990748286247
0.1082480251789093
0.154308021068573
-0.6685963869094849
-0.18043604493141174
0.30249491333961487
-1.5827972888946533
-0.5751368403434753
-0.24760255217552185
-0.6247474551200867
-0.5436490774154663
-0.46176841855049133
0.13088546693325043
0.3237307369709015
-0.49323946237564087
0.0822172686457634
-0.23110416531562805
-0.20061276853084564
-0.004213802982121706
0.17057467997074127
0.04817284643650055
0.6817452311515808
0.515280544757843
0.21243584156036377
0.6161707639694214
0.06345959007740021
0.8878150582313538
0.4660280644893646
0.6407040953636169
0.49153196811676025
0.010697804391384125
-0.026565685868263245
-0.040973108261823654
-0.04723874107003212
0.048142917454242706
-0.04923056811094284
0.027292072772979736
0.0337781086564064
0.033233921974897385
0.27512606978416443
-0.15238051116466522
0.3176816999912262
-0.18161700665950775
-0.12137841433286667
-0.014157646335661411
-0.14917327463626862
-0.18363794684410095
-0.031866222620010376
0.20089009404182434
0.09664209932088852
0.24333101511001587
-0.14128273725509644
0.03698066622018814
-0.21018891036510468
0.06184772029519081
0.09468695521354675
0.04989191144704819
-0.42933955788612366
-0.5173059701919556
-0.6352685689926147
-0.9352917075157166
-0.9859344959259033
-0.822963535785675
-1.2842161655426025
-1.476324200630188
-0.8503113985061646
0.35979515314102173
0.4000786244869232
0.4328685998916626
-0.07526244968175888
0.03503304347395897
0.07417546957731247
-0.14458733797073364
-0.20540465414524078
-0.3616725206375122
0.07460296154022217
-0.053363580256700516
0.07917757332324982
0.007963576354086399
0.003704314585775137
0.041445791721343994
-0.023239189758896828
0.018297703936696053
0.006985615473240614
-0.33135655522346497
-0.3475644886493683
0.5998235940933228
-0.43230757117271423
-0.5701775550842285
0.175470769405365
0.23761704564094543
-0.12879425287246704
-0.018372315913438797
-0.006626094225794077
0.05852365121245384
0.2553136646747589
-0.8582876324653625
-0.8280328512191772
-0.6133846640586853
-0.2650754451751709
-0.28704193234443665
-0.27870264649391174
-0.9359019994735718
-0.36111199855804443
-0.08359868824481964
-0.7938336730003357
-0.9463000893592834
-0.16145208477973938
-0.3637184202671051
0.012903719209134579
-0.020351186394691467
-0.09188070148229599
0.20644870400428772
0.6955036520957947
0.29109635949134827
-0.5876132249832153
0.15354934334754944
0.06618932634592056
-0.5534195899963379
-1.0980974435806274
-0.8827683925628662
-0.2648712396621704
-0.036213941872119904
0.3094330430030823
-0.5352787375450134
-0.9155874252319336
0.03967776522040367
0.20243123173713684
-0.17451246082782745
0.001929399324581027
0.5263563990592957
-0.37648749351501465
0.024259502068161964
0.03587386757135391
-0.2848719656467438
0.26905617117881775
-0.4352600872516632
-0.7125226259231567
-0.18283085525035858
-0.047747138887643814
0.04067006707191467
0.0022778124548494816
0.04756662994623184
0.038792725652456284
-0.04630661755800247
-0.0026744073256850243
-0.026507332921028137
0.005927139427512884
-0.32269182801246643
-0.14164167642593384
-0.17278355360031128
-0.031562115997076035
-0.09993714094161987
0.04815713316202164
-0.04646307975053787
-0.24701452255249023
0.02644325979053974
-0.47778764367103577
-0.5073018670082092
-0.2511036992073059
0.20245853066444397
-0.28616592288017273
0.6509575843811035
0.2963753938674927
-0.1662784069776535
0.3428938090801239
-0.12060005962848663
-0.2189212441444397
0.3442097008228302
-0.18630753457546234
0.06559759378433228
0.07893328368663788
-0.20428545773029327
-0.9803839921951294
0.46955880522727966
0.5132185220718384
0.26904579997062683
0.5012031197547913
-0.5751711130142212
-0.639454185962677
0.1563090682029724
0.5353142619132996
-0.6897644996643066
-0.3025536835193634
-0.03375749662518501
-0.11514805257320404
0.2287909984588623
-0.026355624198913574
-0.08540603518486023
-0.18636269867420197
0.1256442666053772
-0.02123652771115303
-0.08601407706737518
-0.277873694896698
-0.6363935470581055
0.44107016921043396
-0.02810552902519703
-0.3397456109523773
0.038998138159513474
0.25050246715545654
-0.13690117001533508
0.9387696385383606
0.6626852750778198
0.2399459332227707
0.36586087942123413
-0.16906766593456268
-0.2707154154777527
0.2676699757575989
-0.03045409545302391
-0.24112848937511444
-0.4421999454498291
-0.2231856882572174
0.6295757293701172
0.34376809000968933
-0.955771267414093
0.43229228258132935
0.6195716857910156
-2.1560707092285156
-1.5151448249816895
-0.5005934834480286
-0.05294241011142731
-0.15614058077335358
-0.08859501779079437
-0.11698056757450104
-0.08486240357160568
0.09814529865980148
0.1803605705499649
-0.11681865900754929
-0.007210891228169203
-0.5087572336196899
-0.24933890998363495
-0.27164050936698914
0.6542483568191528
-0.2150031179189682
0.16223999857902527
1.2123515605926514
0.7201616168022156
0.2176159769296646
0.04576519876718521
-0.08286582678556442
-0.35546767711639404
0.20627789199352264
-0.01346935611218214
-0.016407597810029984
-0.4068810045719147
-0.1349114179611206
0.11230648308992386
-0.522752046585083
0.16521655023097992
0.26993533968925476
-0.6788435578346252
0.05452980846166611
1.3591355085372925
0.4088965952396393
-0.6324930191040039
-0.1503187119960785
-0.3791734278202057
0.07996783405542374
-0.5661085247993469
-0.30517300963401794
0.26448968052864075
-0.01968727633357048
-0.9600092172622681
-0.48319557309150696
0.23615482449531555
0.10618259012699127
-0.06662093847990036
0.09573641419410706
-0.07924862205982208
-0.03906199708580971
-0.19598643481731415
0.015438045375049114
0.04339606314897537
-0.13262569904327393
0.20944222807884216
0.059098098427057266
-0.13132935762405396
0.21344071626663208
-0.5831729173660278
-0.4038444459438324
-0.4238063097000122
-0.38791942596435547
-0.3992045223712921
0.014037279412150383
-0.03808162733912468
0.020139306783676147
0.12579555809497833
0.04407772049307823
-0.10084977746009827
0.0010215083602815866
0.0021510750520974398
-0.07833213359117508
-0.024603452533483505
0.11010733246803284
-0.5602151155471802
-0.8664678335189819
0.6079823970794678
0.24397775530815125
-1.8017499446868896
-0.11886221170425415
0.07396792620420456
0.23184438049793243
0.12194368988275528
-0.6567210555076599
0.3319358825683594
0.4791078269481659
0.3953385353088379
-0.7957004308700562
0.1956586390733719
0.3940233886241913
0.33193299174308777
0.14575308561325073
-0.21777912974357605
0.20236437022686005
0.5809421539306641
0.31567010283470154
-0.7076120972633362
0.3649640679359436
0.6194327473640442
-0.020408418029546738
-0.05609839782118797
-0.029719477519392967
0.03813605755567551
-0.002811173675581813
0.04905810207128525
-0.02454427443444729
0.03544323891401291
-0.03291494771838188
-0.1406807154417038
0.1603158414363861
0.14944462478160858
-0.225192591547966
-0.11483535915613174
-0.055866092443466187
0.12552325427532196
0.1877240240573883
0.04642736539244652
-0.35652920603752136
-0.30287066102027893
0.10790757089853287
0.040639087557792664
0.018986033275723457
0.08868425339460373
0.3011661767959595
0.17801061272621155
0.019083578139543533
-0.1684638261795044
-0.11630638688802719
-0.07738345116376877
0.143581822514534
-0.05083693563938141
-0.20501577854156494
-0.38204824924468994
0.04295346885919571
-0.8074744939804077
0.015465020202100277
0.29561203718185425
0.32313215732574463
-0.5554019212722778
-0.3464626669883728
-0.08276382833719254
-0.20150941610336304
-0.8907252550125122
-0.7194229364395142
-0.009569616056978703
-0.0032933056354522705
-0.07693496346473694
-0.037909235805273056
0.03471590206027031
-0.04646225646138191
-0.03704476356506348
-0.05270833522081375
-0.04577082395553589
-0.03990656137466431
-0.012507517822086811
0.37708497047424316
-0.028329752385616302
-0.5205658674240112
0.2759907841682434
0.07100794464349747
-0.598646879196167
-0.23851101100444794
-0.09675846248865128
-0.08956268429756165
0.5527052283287048
0.16879068315029144
-0.46510976552963257
1.0968058109283447
-0.4592588543891907
0.7416812181472778
-0.36041131615638733
-0.32640770077705383
-0.3486007750034332
0.09349225461483002
-0.1412663608789444
-0.6591123342514038
0.47974729537963867
0.1698080450296402
-0.7938383221626282
-0.42935317754745483
-0.06448034942150116
-0.06302086263895035
-0.07529214024543762
-0.17200590670108795
-0.22512464225292206
-0.22607271373271942
-0.05034080520272255
-0.07488054037094116
-0.2893543243408203
0.05283505842089653
-0.13792316615581512
-0.2030297815799713
0.24859783053398132
-0.8655239939689636
-0.35642731189727783
-0.07096109539270401
-0.2837029993534088
-0.39557328820228577
0.3563482463359833
0.16076838970184326
0.1777561455965042
0.2103005051612854
-0.08307111263275146
-0.1252780258655548
0.06314104795455933
0.10550308227539062
-0.023007160052657127
0.09076373279094696
-0.008081300184130669
0.00042835247586481273
-0.04910258203744888
0.04540753364562988
-0.0023446783889085054
0.045791707932949066
-0.03354407846927643
-0.014781082049012184
-0.05595216155052185
0.30050069093704224
0.21082516014575958
0.41094982624053955
-0.22272667288780212
0.046830207109451294
0.7089992761611938
0.004716783296316862
-0.057041238993406296
0.505473256111145
-0.2643013894557953
-0.183061882853508
0.07587814331054688
-0.5998938679695129
0.059497810900211334
-0.38815367221832275
-0.3790319263935089
-0.40189507603645325
-0.06467519700527191
-0.08014393597841263
-0.13688312470912933
0.17510123550891876
0.05171450600028038
-0.09547936916351318
0.0025828571524471045
-0.15125876665115356
-0.23547855019569397
-0.018139749765396118
-0.4076164662837982
-0.5103162527084351
-0.29609963297843933
-0.4180004298686981
-0.4011310935020447
-0.12566950917243958
-0.32079535722732544
-0.41113045811653137
-0.318489134311676
-0.16775664687156677
0.008958367630839348
-0.0018055224791169167
-0.05938038229942322
0.0374625138938427
-0.0061084432527422905
-0.06581798940896988
0.05085911601781845
-0.024639364331960678
-0.5260132551193237
-0.9126313924789429
-0.137017160654068
-0.44534558057785034
-0.8255035281181335
0.09154034405946732
-0.4138810634613037
-0.7693563103675842
0.27883031964302063
0.24257127940654755
-0.0034890566021203995
0.3451835811138153
0.06639127433300018
0.16484381258487701
0.14086751639842987
0.030976345762610435
-0.01335551030933857
0.255672812461853
-0.12557679414749146
-0.1966017633676529
-0.18913070857524872
-0.22580060362815857
-0.19320976734161377
-0.24232187867164612
-0.2379346340894699
-0.1728576123714447
-0.09934982657432556
-0.0827413871884346
0.11775852739810944
0.23545491695404053
0.020106233656406403
0.1644950807094574
0.040731120854616165
0.10233764350414276
0.04854757711291313
-0.03097781538963318
0.29548582434654236
0.1417885422706604
0.4719257354736328
-0.325954794883728
-0.5590435862541199
0.36049026250839233
-0.2585252523422241
-0.6263658404350281
0.03536685183644295
-0.2121220827102661
-0.4512249231338501
-0.20773278176784515
0.27948060631752014
-0.016020817682147026
-0.5772862434387207
-0.2580345571041107
-0.5690179467201233
-0.43783286213874817
0.05416258051991463
0.15445438027381897
0.3073505759239197
-0.3088429272174835
-0.3065923750400543
-0.23847220838069916
-0.21072833240032196
-0.15760840475559235
-0.6435288190841675
0.12963464856147766
-0.17717096209526062
0.3913806676864624
0.06332247704267502
-0.02372852712869644
-0.453909695148468
-0.032324228435754776
0.03401516005396843
0.24028649926185608
-0.14309120178222656
-0.10772642493247986
-0.10681372880935669
0.18784455955028534
0.02668938972055912
-0.16473814845085144
-0.12207204848527908
-0.3788086175918579
-0.40859001874923706
-0.11609990894794464
0.384329617023468
0.02935066446661949
-0.3242526352405548
0.0033139733131974936
0.24415680766105652
-0.2023443877696991
-0.25560855865478516
-0.03322003036737442
0.028730928897857666
-0.03159578889608383
0.05459895730018616
-0.009277677163481712
0.0799490213394165
-0.017701594159007072
0.09357021003961563
0.07232539355754852
0.03564174473285675
-0.12277089804410934
-0.5360445380210876
-0.46548232436180115
-0.11041120439767838
-0.4646931290626526
-0.50518399477005
-0.30278849601745605
-0.477041095495224
-0.15746383368968964
-0.06923788785934448
-0.8080230951309204
-0.1325186938047409
-0.3101513087749481
-0.5544924139976501
-0.47814974188804626
-0.6129559874534607
-0.7558978199958801
-0.1282082349061966
-0.21060362458229065
-0.411786288022995
-0.33848071098327637
-0.8225542306900024
-0.19762861728668213
-0.40610548853874207
-0.6338604092597961
-0.9008395671844482
-0.28070664405822754
-0.0062451446428895
-0.05752576142549515
-0.0096835196018219
-0.012239620089530945
0.056934893131256104
-0.02633201703429222
0.0013314400566741824
0.05495767667889595
-0.03566950932145119
-0.1727592647075653
-0.08745993673801422
-0.31391650438308716
0.27356642484664917
-0.026474962010979652
-0.19724683463573456
0.019136693328619003
-0.1390874683856964
-0.003469133283942938
0.11925668269395828
0.0913887694478035
0.19374942779541016
-0.019266178831458092
0.03859816491603851
0.1384180337190628
-0.03673218563199043
-0.005388519261032343
0.18366092443466187
0.032616131007671356
0.1628696620464325
0.4807277023792267
0.09173406660556793
0.03936609625816345
-0.08405913412570953
-0.04747423157095909
-0.631074070930481
-0.4042426645755768
-0.09700194746255875
-0.1815042346715927
-0.1693543642759323
-0.034160006791353226
-0.0873272493481636
-0.02835324965417385
-0.20356044173240662
-0.09279008954763412
-0.15235388278961182
0.08916936069726944
-0.03810178488492966
0.01059781014919281
-0.04740915074944496
-0.00035109728923998773
0.05337383970618248
0.010525493882596493
-0.03306146338582039
-0.03015250898897648
-0.5057224035263062
-0.29850685596466064
0.24371051788330078
-0.5647204518318176
-0.2229927033185959
0.30912521481513977
-0.6394966840744019
-0.4091300666332245
0.2108169049024582
0.2247745543718338
0.3947279751300812
0.3840983808040619
-0.6005958914756775
-0.41166558861732483
0.3225920498371124
-0.16560864448547363
-0.32056477665901184
-0.4063345789909363
-0.5699132084846497
-0.23736396431922913
-0.012147762812674046
-0.4379957914352417
-0.7213869690895081
-0.01272510178387165
-0.22922074794769287
-0.8587719798088074
0.3236645460128784
-0.414753794670105