-0.44565171003341675
-0.6926195025444031
-0.8127691149711609
-0.5921082496643066
-0.2660508155822754
-0.6460821628570557
-0.3269332945346832
0.3205694854259491
0.035935189574956894
-0.8444792032241821
-0.2778903841972351
-0.33531486988067627
-0.7812615633010864
-0.5965755581855774
-0.283572256565094
-0.43606624007225037
0.05454530566930771
0.09307093918323517
0.012158236466348171
-0.21899524331092834
-0.4175146818161011
0.02434433251619339
-0.3597620725631714
-0.5015267133712769
0.0191564429551363
0.14798040688037872
-0.07938860356807709
0.0020278815645724535
-0.032297369092702866
-0.002244565635919571
-0.012264620512723923
0.015313650481402874
-0.004696219693869352
0.03101876750588417
-0.029960839077830315
-0.002951705362647772
-0.22788864374160767
-0.327995240688324
-0.18214671313762665
-0.17826299369335175
-0.07756760716438293
0.0735713467001915
0.09826706349849701
-0.439168244600296
-0.010609502904117107
0.058301735669374466
0.05926646664738655
-0.119171142578125
0.043457865715026855
-0.2187771499156952
0.3114708662033081
-0.2127784937620163
-0.0671430230140686
0.6758688688278198
0.13343486189842224
-0.5077818036079407
-0.09788060188293457
-0.2339840978384018
-0.1284896731376648
-0.6590369343757629
-0.471764475107193
-0.3429511487483978
-0.8091123700141907
-0.247566357254982
-0.6367775797843933
-0.31331387162208557
-0.3463156521320343
-0.05936337262392044
-0.1457870453596115
-0.5427631139755249
0.0602465383708477
-0.0442548468708992
0.08369465172290802
0.0076272692531347275
-0.07861112058162689
0.04376869648694992
-0.04623672366142273
-0.030519753694534302
0.03339144587516785
-0.03439934179186821
0.008474054746329784
-0.8582203388214111
-0.41413429379463196
0.39072471857070923
-0.004850187338888645
-0.08875881880521774
0.06948647648096085
0.23193606734275818
0.32746246457099915
0.46582674980163574
-0.290589302778244
-0.5766041874885559
-0.37827393412590027
-0.38131627440452576
-0.21468134224414825
0.03093811869621277
-0.6765432357788086
0.2896593511104584
-0.43296587467193604
-0.3216623365879059
-0.030047450214624405
-0.1837632805109024
0.09239187091588974
0.5884418487548828
0.3870980441570282
0.37534165382385254
0.593086838722229
0.195543572306633
0.06724445521831512
-0.08882653713226318
0.011215521953999996
-0.0014600363792851567
0.10013721883296967
0.022071057930588722
0.057362258434295654
0.1220766231417656
-0.04026011750102043
-0.01480896957218647
-0.018870826810598373
-0.09345421195030212
0.5786086916923523
0.548086941242218
0.38991498947143555
0.19875161349773407
-0.8740535378456116
-0.29918819665908813
-0.17214815318584442
-0.9181278944015503
-0.8336475491523743
-0.6724087595939636
-1.332348346710205
-0.5060446262359619
-0.19898568093776703
-0.47328516840934753
-0.00857581663876772
0.29981690645217896
0.34714701771736145
0.31917130947113037
-0.2000740021467209
0.31408530473709106
0.5727394819259644
-0.1411142796278
0.1695888191461563
-0.3205244541168213
-0.3807038962841034
-0.6791979074478149
-0.5434795618057251
-0.7652199268341064
-0.36948201060295105
-0.7595949172973633
-0.056817736476659775
-0.17372511327266693
-0.25094255805015564
-0.01864445023238659
-0.31060296297073364
0.1529926061630249
-0.5116701722145081
-0.11853492259979248
0.19228722155094147
0.1171305775642395
0.25555017590522766
-0.001336496090516448
-0.19581088423728943
-0.32015982270240784
-0.8613317608833313
-0.25899913907051086
-0.5252549648284912
-0.12634579837322235
0.04395318776369095
-0.19012612104415894
-0.15441292524337769
-0.06947998702526093
0.0965520367026329
-0.04227646067738533
0.13406610488891602
-0.026236146688461304
0.04074740782380104
-0.07303116470575333
0.012879577465355396
-0.022189974784851074
-0.24654485285282135
-0.10920894891023636
-0.033378977328538895
-0.2210962474346161
-0.16799332201480865
-0.31750354170799255
-0.06528667360544205
0.2938968241214752
-0.31983304023742676
-0.316394180059433
-0.44705572724342346
-0.3170723021030426
-0.5374330282211304
-0.66832435131073
-0.1520097553730011
0.5780057311058044
-0.5316487550735474
0.6772170662879944
-0.21404413878917694
-0.33883410692214966
-0.3465988039970398
-0.5430145859718323
-0.15285417437553406
0.4124711751937866
0.4331645667552948
-0.044241663068532944
0.5053344964981079
-0.03749973699450493
-0.034392960369586945
-0.02910398691892624
0.035797350108623505
0.05484393239021301
-0.033477362245321274
0.03605411946773529
0.053715433925390244
0.03180341422557831
0.07616690546274185
-0.3389809727668762
0.020565763115882874
-0.026667190715670586
-0.3402458131313324
-0.06278812140226364
-0.2517012655735016
-0.3488227427005768
-0.12684346735477448
0.3240620791912079
-0.07028783112764359
0.18277545273303986
0.017884911969304085
-0.07574883848428726
-0.0656038299202919
-0.04002504050731659
0.11639079451560974
0.039088256657123566
-0.6059435606002808
-0.44810184836387634
0.12921392917633057
-0.4714308977127075
-0.6860377192497253
-0.5936262011528015
-0.18336555361747742
-0.4271646738052368
-0.13022397458553314
-0.932498574256897
-0.6186527609825134
-0.5916139483451843
-0.7730483412742615
-0.31925955414772034
-1.3372825384140015
-0.6788144111633301
-0.3895760774612427
-0.21401210129261017
-0.0443124882876873
-0.01569894514977932
-0.052982185035943985
-0.03166578337550163
0.017868388444185257
-0.008945872075855732
0.05094797536730766
0.014324077405035496
0.004419897682964802
-1.063697099685669
-0.04404747858643532
-0.3096310496330261
-1.0788536071777344
-0.1831425130367279
-0.08927731215953827
-0.4047181308269501
0.02160811983048916
0.3535343110561371
-0.1308961659669876
-0.2824121117591858
-0.2628675103187561
-0.2697029411792755
-0.4151958227157593
-0.019630540162324905
-0.35263288021087646
-0.32796740531921387
-0.2938900887966156
-0.7067038416862488
-0.23245976865291595
-0.014591974206268787
0.25158968567848206
0.0701199620962143
0.32949504256248474
0.17394733428955078
0.07968012243509293
0.18668240308761597
0.32281556725502014
-0.4851854741573334
0.09453189373016357
-0.015491572208702564
-0.11459042876958847
0.22171947360038757
0.062247712165117264
0.17443284392356873
0.24572040140628815
0.05170585215091705
0.7783915400505066
-0.6496772170066833
-0.6796301007270813
0.29429861903190613
-0.3819715082645416
-0.33409416675567627
-0.14001765847206116
-0.2582143247127533
-0.07688264548778534
0.000545912014786154
-0.03782312199473381
-0.07487376034259796
0.10470465570688248
-0.17855773866176605
-0.013306213542819023
0.4213978946208954
-0.2809007167816162
-0.2593896985054016
-0.017606221139431
0.02293333038687706
-0.05498168617486954
0.006470882799476385
0.0410170741379261
-0.00933289248496294
0.0028704393189400434
0.010544474236667156
-0.020765092223882675
-0.06017960235476494
-0.0876161977648735
-0.2940022647380829
-0.07989103347063065
0.11137270927429199
-0.40696626901626587
0.6167550683021545
0.42755255103111267
0.2028096467256546
-0.197174072265625
0.25482863187789917
0.24422244727611542
-0.5164761543273926
0.11887895315885544
0.06369557231664658
-0.730216383934021
-0.2755994498729706
-0.014728023670613766
-0.30213648080825806
-0.15951159596443176
-0.22727246582508087
0.4146992564201355
0.17112167179584503
0.23782111704349518
0.07711910456418991
-0.0660180151462555
0.16553816199302673
-0.20760835707187653
0.048967037349939346
0.05518701300024986
-0.1856541782617569
0.3682849109172821
0.11414401978254318
-0.34720030426979065
-0.010448995046317577
0.06525471806526184
-0.1834309846162796
0.1593298316001892
0.14926493167877197
0.00485498271882534
0.15071384608745575
0.14988574385643005
-0.04858557879924774
-0.0392422117292881
0.039551977068185806
0.33653008937835693
-0.37845784425735474
-0.10095016658306122
0.26796427369117737
-0.26101821660995483
-0.3440287113189697
-0.08021337538957596
-0.6319027543067932
0.6467713117599487
-0.05233681574463844
0.14591144025325775
0.24034874141216278
0.19832445681095123
0.04942769184708595
-0.09882111847400665
0.33994558453559875
0.029380949214100838
0.0517798513174057
-0.46103525161743164
-0.3859124779701233
-0.12280014902353287
-0.32812923192977905
-0.20082898437976837
0.0553884282708168
0.12707842886447906
-0.061989955604076385
0.18669287860393524
0.1911284476518631
0.21395590901374817
0.07024385035037994
-0.18010631203651428
0.032523222267627716
-0.13778069615364075
0.09546972066164017
-0.09413661062717438
-0.003893488086760044
-0.04196493327617645
-0.23528490960597992
0.3757639229297638
-0.21271859109401703
-0.0994393453001976
0.1884227991104126
0.6144206523895264
0.16870304942131042
0.35847795009613037
0.49810051918029785
-0.18516728281974792
-0.8964521288871765
0.6004258394241333
-0.7484908699989319
-0.4719160795211792
0.29506468772888184
-1.1604719161987305
0.08232150226831436
-1.0154058933258057
-0.10940488427877426
0.45405182242393494
-0.46820762753486633
-0.194728285074234
0.3431147336959839
-0.0025710370391607285
0.0020131245255470276
0.43835148215293884
0.0185419712215662
0.5450027585029602
-0.755966305732727
0.5549301505088806
0.17914241552352905
0.4591916501522064
0.21845686435699463
0.03614024817943573
0.006651526317000389
-0.21171748638153076
0.2782077491283417
0.1482791304588318
0.0890234112739563
0.04362698644399643
0.32781821489334106
0.23525121808052063
-0.13632507622241974
0.24912667274475098
-0.026490483433008194
0.2653461694717407
0.14112216234207153
0.42802146077156067
0.059096239507198334
-0.13992799818515778
0.48853886127471924
-0.01196490041911602
0.435285747051239
0.14314749836921692
-0.014296134002506733
-0.027961652725934982
-0.0022138115018606186
0.09014494717121124
-0.005189947783946991
-0.10160097479820251
0.10680434107780457
0.10361570864915848
0.02394077181816101
0.7053956985473633
0.13094812631607056
0.298387348651886
0.5341880321502686
0.040489692240953445
0.21120859682559967
0.07188073545694351
-0.3388000726699829
-0.40513086318969727
-0.03821674734354019
-0.4570074677467346
-0.5092889666557312
-0.10932670533657074
-0.136898934841156
-0.5988104343414307
-0.797991156578064
-0.43959033489227295
-1.3503819704055786
-0.696734607219696
-0.7473770976066589
-1.7116965055465698
-0.4505610167980194
-0.5634893774986267
-0.8947431445121765
-0.47409090399742126
0.5796370506286621
-0.008429580368101597
0.010941307991743088
-0.025595922023057938
0.04653925821185112
0.05373145267367363
0.013810714706778526
-0.03527090698480606
0.025269024074077606
-0.009709285572171211
0.629557728767395
0.5040687322616577
0.3813154995441437
0.15759515762329102
0.10299630463123322
-0.0168900229036808
0.062273960560560226
-0.25291547179222107
-0.2336396723985672
0.1880321502685547
0.37388479709625244
0.2271784543991089
0.061096932739019394
0.15501362085342407
0.005913617555052042
-0.08344518393278122
-0.3247440457344055
-0.1557183861732483
0.2408209592103958
0.3618859350681305
-0.5406665205955505
0.7117477059364319
0.3553709387779236
-0.24565237760543823
0.6771531105041504
0.09535634517669678
0.03329741582274437
-0.08258755505084991
-0.1558597981929779
-0.21058838069438934
-0.09158594161272049
-0.10058562457561493
0.04709522798657417
0.19601880013942719
0.35858646035194397
0.24986247718334198
-0.057574886828660965
0.04335961118340492
0.049051541835069656
-0.050443384796381
-0.021862469613552094
-0.004404922481626272
-0.00804631132632494
0.03453117236495018
0.05420103669166565
0.40108439326286316
-0.12334807962179184
-0.5774279832839966
0.416589617729187
-0.7329221963882446
-0.5108653903007507
0.5496218204498291
-0.5495637655258179
0.020447349175810814
-0.4379942715167999
0.3831895589828491
-0.0798255056142807
0.04268433153629303
-0.23482263088226318
-0.04829186201095581
-0.13896812498569489
0.11888662725687027
0.3436717391014099
0.8116068243980408
0.4437532126903534
-0.6818065643310547
1.0197980403900146
-0.29415276646614075
-0.9010809063911438
0.648982048034668
-0.9480876326560974
0.029326053336262703
-0.39553728699684143
-0.2417040318250656
-0.25852400064468384
-0.3025604486465454
0.2117556482553482
0.3469327986240387
0.078936867415905
0.2841397821903229
0.009349465370178223
0.21350188553333282
0.0736522525548935
-0.40113261342048645
0.06506244838237762
-0.5102978348731995
-0.2882775366306305
0.5311170220375061
-0.36722007393836975
-0.17587392032146454
0.4923698902130127
0.2663854956626892
-0.07223346829414368
0.046283233910799026
-0.014982950873672962
-0.1129961758852005
0.22136352956295013
0.09987486153841019
0.21195922791957855
-0.2603127956390381
0.028870822861790657
0.004041896667331457
-0.046144526451826096
-0.01646692119538784
0.030898340046405792
0.03368910774588585
-0.04337663576006889
0.05256268382072449
0.004812038969248533
0.31596705317497253
-0.2639719545841217
-0.2425938844680786
0.16734732687473297
-0.12829816341400146
-0.11902815103530884
0.13212169706821442
-0.07291954755783081
0.19364768266677856
-0.2995459735393524
-0.3485874533653259
-0.36967527866363525
-0.025165550410747528
0.3743770718574524
-0.2714118957519531
0.026645341888070107
-0.6458042860031128
0.28247424960136414
0.16586564481258392
0.46462470293045044
-0.5272569060325623
-0.3260934352874756
0.20443777740001678
-0.20735983550548553
-0.09049253910779953
0.11044154316186905
-0.33704084157943726
0.26190727949142456
-0.03843505680561066
0.04647928103804588
0.21335217356681824
-0.05209687352180481
0.07074572890996933
0.01822873391211033
0.10987385362386703
0.014313696883618832
-0.057853300124406815
-0.06945996731519699
0.15417161583900452
-0.07814561575651169
-0.0184316523373127
0.13805325329303741
-0.13651254773139954
-0.023720448836684227
0.07894112169742584
0.26466578245162964
-0.7291347980499268
0.5008203387260437
-0.31053677201271057
-0.9122999906539917
0.5960620641708374
-0.447784960269928
-0.5046982765197754
0.36760225892066956
0.18448521196842194
-0.15363314747810364
-0.08969791233539581
0.08034075051546097
0.16391001641750336
0.17931513488292694
0.47604990005493164
0.4696043133735657
0.030577611178159714
-0.19855917990207672
-0.21858277916908264
-0.4026849567890167
-0.22953997552394867
-0.31032276153564453
-0.2772507667541504
-0.18694153428077698
-0.3205784857273102
-0.1712893396615982
0.059000276029109955
0.12333576381206512
-0.22180067002773285
0.05453615263104439
-0.2229647934436798
0.02620052732527256
0.09142521768808365
0.026316341012716293
0.035152237862348557
0.2610916197299957
0.32540059089660645
-0.539223313331604
0.15947726368904114
0.2977260947227478
0.43354862928390503
0.15629887580871582
-0.15629394352436066
0.2470371276140213
-0.8490163683891296
-0.18400132656097412
0.08369065076112747
-0.8739824295043945
-0.8162907361984253
0.06802948564291
-0.34863120317459106
-0.8306775689125061
0.05911532789468765
1.1819733381271362
0.923535943031311
0.02079468034207821
0.6075882315635681
0.480898380279541
0.28674134612083435
-0.24204188585281372
-0.01795041374862194
0.27044692635536194
-0.1132809966802597
-0.47010695934295654
-0.28057149052619934
-0.4265948235988617
-0.7433614730834961
-0.11551859974861145
-0.23557597398757935
-0.26562875509262085
-0.06524598598480225
-0.1330597996711731
-0.21091297268867493
-0.16371862590312958
-0.2172679454088211
-0.4508801996707916
0.04241711646318436
0.054859038442373276
0.10906139761209488
-0.17795348167419434
0.0620538555085659
-0.11444783210754395
-0.042895060032606125
-0.019741296768188477
-0.10674114525318146
-0.07895675301551819
0.0006065616034902632
-0.0159622672945261
-0.12833158671855927
0.0011342264479026198
-0.01693182811141014
0.09374800324440002
0.02715030312538147
0.07564138621091843
-0.030210798606276512
0.06373148411512375
0.042382337152957916
-0.018886299803853035
-0.26818811893463135
-0.13879774510860443
-0.4189680218696594
-0.533995509147644
-0.6977791786193848
-0.20697596669197083
-0.392566055059433
-0.4225514233112335
-0.3633045256137848
0.27888768911361694
-0.09163522720336914
0.08688189834356308
-0.03318482264876366
-0.34188976883888245
-0.017023706808686256
-0.08073756843805313
-0.30235031247138977
-0.582470178604126
-0.18840378522872925
-0.11302375793457031
-0.3313172161579132
0.3451507091522217
0.32577213644981384
-0.8904395699501038
-0.5903123021125793
-0.7128308415412903
-0.06219720095396042
0.004985016770660877
0.013079368509352207
0.04210309311747551
-0.009071476757526398
0.05165644362568855
-0.027356086298823357
0.04917848855257034
-0.05399322509765625
0.02205013483762741
0.499999463558197
0.2951628565788269
0.31590843200683594
0.3787732422351837
0.19909876585006714
0.14263935387134552
0.12266014516353607
-0.1782764494419098
0.052330464124679565
0.2422308325767517
0.05885807052254677
-0.14044275879859924
-0.04376373812556267
0.08208317309617996
0.13413403928279877
-0.0846991166472435
0.1787242740392685
0.11381299048662186
0.5815444588661194
0.4472889006137848
0.28567808866500854
-0.14016753435134888
-0.1584402173757553
-0.2021319419145584
0.24428284168243408
0.0639444887638092
0.03350334241986275
-0.49255767464637756
-0.5143895149230957
-0.39149951934814453
-0.04661179333925247
-0.033251941204071045
-0.24150937795639038
-0.12023232132196426
-0.0766584575176239
-0.3146190643310547
-0.06243051216006279
-0.027610991150140762
-0.01187475398182869
-0.010118220932781696
0.025779590010643005
0.06980915367603302
-0.04504307359457016
-0.01944652758538723
0.04529930651187897
-0.09839591383934021
-0.4281970262527466
0.23248291015625
-0.7984871864318848
-0.2175641804933548
0.3448663651943207
-0.6809847354888916
-0.19005049765110016
0.6328798532485962
0.230662003159523
-0.13868048787117004
-0.16869086027145386
0.37734583020210266
-0.22734741866588593
0.09097115695476532
-0.4222514033317566
-0.3974684476852417
0.1577385663986206
0.07046287506818771
-0.3496229648590088
0.25244268774986267
-0.6358242630958557
-0.20070433616638184
0.6110631823539734
-1.0724105834960938
-0.36367690563201904
0.5422231554985046
-0.5373023152351379
-0.50853431224823
-0.5013006329536438
-0.27719053626060486
-0.007288625463843346
-0.3015897572040558
-0.2637310326099396
-0.1148647740483284
-0.0960768386721611
-0.3643505275249481
-0.47119957208633423
-0.6941646933555603
-0.6346867680549622
-0.2859298288822174
-0.05681680887937546
0.2597007751464844
-0.1407359391450882
0.1985188126564026
0.4600673019886017
-0.2254568636417389
-0.002345341257750988
-0.27452075481414795
-0.18246407806873322
-0.0595632903277874
-0.07808688282966614
-0.17210954427719116
0.44870781898498535
-0.04791595786809921
-0.04721226915717125
0.053958263248205185
0.0318584218621254
0.043259456753730774
0.0250927172601223
-0.023322688415646553
-0.05288565531373024
-0.024998441338539124
0.02989320084452629
0.13719405233860016
0.13965082168579102
-0.6038811802864075
-0.027744796127080917
-0.14719165861606598
-0.05541267618536949
0.197526752948761
-0.152024507522583
0.2348174899816513
0.1427742838859558
-0.22889886796474457
0.3152228891849518
-0.16237872838974
-0.8527176380157471
0.24541537463665009
-0.9143888354301453
-0.6473696827888489
0.034634578973054886
-0.6561188697814941
-0.17050690948963165
-0.028339501470327377
0.42026081681251526
-0.198948934674263
-0.027649570256471634
-0.5311091542243958
0.3681239187717438
-0.5124639272689819
-0.1577182114124298
0.10599248111248016
-0.28334537148475647
-0.10427093505859375
0.3714051842689514
-0.1808158904314041
-0.3573708236217499
0.6745991706848145
-0.0809270590543747
-0.167578786611557
-0.03390998765826225
0.06712276488542557
-0.07366006821393967
-0.08814095705747604
-0.06414426118135452
0.12997545301914215
-0.03452926501631737
-0.10002618283033371
-0.26613137125968933
0.18251217901706696
0.0731060579419136
0.04603764787316322
-0.290866494178772
-0.2159021943807602
0.2353982776403427
0.43423256278038025
0.436832070350647
-0.4077650308609009
0.03532923385500908
0.03925970196723938
0.056649886071681976
0.2572951912879944
-0.03167969360947609
-0.1864900290966034
0.15742896497249603
-0.32862627506256104
-0.29672032594680786
-0.11602678894996643
-0.24009302258491516
0.022376123815774918
0.0037274067290127277
0.17040623724460602
0.016448553651571274
-0.06095567345619202
0.0137642752379179
-0.15825387835502625
-0.10655944794416428
0.3170740604400635
0.0677376538515091
0.017257459461688995
0.15521930158138275
0.08251329511404037
0.17720068991184235
0.2115245759487152
0.3192676305770874
-0.16837984323501587
0.03738497570157051
0.08231966197490692
-0.172146737575531
-0.20406247675418854
-0.41578802466392517
-0.5262140035629272
-0.37799251079559326
-0.4859917461872101
-0.5568026304244995
-0.031327005475759506
0.03255411610007286
-0.5036439895629883
-0.22452957928180695
0.48390674591064453
0.38206377625465393
0.14280521869659424
0.4650137722492218
0.056517068296670914
-0.08856480568647385
0.39078646898269653
0.6464169025421143
0.8329392671585083
-0.8437002301216125
0.13665510714054108
-0.3561314344406128
-0.4211033880710602
-0.4937478303909302
-0.4149111807346344
-0.15981145203113556
0.1304393857717514
0.013655397109687328
-0.021103745326399803
0.5852254033088684
-0.4178130626678467
-0.21381714940071106
-0.17698557674884796
-0.377342164516449
0.08723053336143494
-0.08967900276184082
-0.22288747131824493
0.2677610218524933
-0.05088308826088905
0.21437928080558777
-0.22730191051959991
-0.04115846008062363
-0.15345914661884308
0.06835033744573593
0.09824016690254211
-0.06445672363042831
-0.2904644012451172
0.09909234195947647
0.03868681192398071
-0.05692407861351967
-0.02703891322016716
0.02628215029835701
-0.06239408254623413
0.026417704299092293
-0.04616771638393402
-0.06448473036289215
0.007777621503919363
0.06707370281219482
-0.36995166540145874
-0.3443712592124939
-0.3296023905277252
-0.099271260201931
0.28780728578567505
-0.3636966645717621
0.11683829128742218
0.274775892496109
-0.7792834043502808
-0.6387155652046204
-0.1366787552833557
0.16657330095767975
-0.16285930573940277
-0.7890700101852417
-0.3400095999240875
0.4368234872817993
0.28645431995391846
0.5745587348937988
-0.6496031284332275
-0.3545803427696228
-0.4580865800380707
-0.20461267232894897
-0.5651536583900452
-0.9596226215362549
0.06090898811817169
0.4332810044288635
0.9586164951324463
0.0360887311398983
-0.043353695422410965
-0.04131048545241356
-0.012221749871969223
-0.03345109522342682
-0.005931185558438301
0.026828976348042488
-0.006918306928128004
-0.03478384390473366
0.018122151494026184
-0.33337071537971497
-0.3806038796901703
-0.214126855134964
-0.0011135184904560447
-0.12450174987316132
0.08619710803031921
-0.30163195729255676
-0.3913821578025818
0.16967032849788666
0.017070185393095016
-0.012073229998350143
0.28192004561424255
0.2963767349720001
0.2024020105600357
-0.039098236709833145
-0.29132241010665894
-0.004097984172403812
-0.5380523204803467
-0.39277929067611694
-0.31174951791763306
-1.0092930793762207
-0.36727604269981384
-0.17060908675193787
-0.30188629031181335
0.4660601019859314
-0.05385391414165497
-0.3776227831840515
-0.23826847970485687
-0.25692927837371826
-0.010029374621808529
0.13193602859973907
-0.05876977741718292
-0.008128870278596878
0.12654520571231842
0.03542254492640495
-0.04906892031431198
-0.06872948259115219
-0.03971577808260918
0.025169823318719864
-0.049473587423563004
-0.04761651158332825
-0.03256339207291603
-0.010993296280503273
0.027971606701612473
-0.2294703871011734
0.16450044512748718
-0.38402679562568665
0.03879229724407196
0.36939284205436707
-0.11582434922456741
0.06547017395496368
0.06139333173632622
0.22580227255821228
-0.11017849296331406
-0.10619497299194336
-0.14399117231369019
-0.002198596019297838
-0.14433503150939941
0.12732821702957153
-0.6268712878227234
-0.5889266133308411
0.27482813596725464
-0.021809762343764305
-0.7026445269584656
-0.21316704154014587
0.22327932715415955
-0.5892816185951233
0.20429345965385437
0.32846325635910034
-0.6057002544403076
0.5912773013114929
-0.15332159399986267