0.38779184222221375
0.17387205362319946
0.4727107584476471
-0.07199454307556152
-0.18195049464702606
0.12360870838165283
-0.18515175580978394
-0.7294228672981262
-0.3698381185531616
-0.20780009031295776
-0.2129027098417282
0.2307644933462143
0.06677712500095367
-0.1590292900800705
0.09503885358572006
0.07146573811769485
0.1584535390138626
-0.44214126467704773
-0.11254189163446426
0.1547630876302719
0.3499128222465515
-0.20417797565460205
0.04941755160689354
0.19876791536808014
-0.08649685233831406
-0.24702413380146027
0.0854414701461792
-0.014654473401606083
-0.012531775049865246
-0.023418700322508812
0.006005455274134874
-0.05537629500031471
0.03114677406847477
-0.014801404438912868
0.03806252405047417
-0.02870124578475952
-0.11338462680578232
0.10409536957740784
-0.20782053470611572
0.015741366893053055
-0.1325683891773224
0.2127322405576706
0.1584518700838089
0.1585952490568161
0.32555529475212097
-0.32173582911491394
-0.15550558269023895
-0.23420864343643188
-0.12197411060333252
0.051140110939741135
-0.5526373386383057
0.3122589886188507
-0.06800799071788788
-0.05010495334863663
-0.021645283326506615
0.3894127309322357
-0.09509944915771484
-0.012098900973796844
0.2607135474681854
0.5349282622337341
0.1999523639678955
0.29808005690574646
-0.6196478605270386
-0.15845204889774323
0.0039499420672655106
0.29685965180397034
-0.06593673676252365
-0.06858260184526443
-0.06132571026682854
-0.704761803150177
-0.6805171370506287
-0.705849826335907
0.02989329770207405
0.09000826627016068
0.31456857919692993
0.01624773070216179
0.02976835146546364
-0.03382422402501106
-0.05916956812143326
0.29445597529411316
0.1797543168067932
0.0877014696598053
-0.050668828189373016
-0.14026443660259247
0.08520888537168503
-0.3942596912384033
0.07542062550783157
0.9623028635978699
0.6360655426979065
-0.5636946558952332
0.18846756219863892
-0.16937117278575897
0.4453513026237488
-0.4587517976760864
0.0006591855199076235
0.2843874394893646
-0.5650666952133179
-0.34371230006217957
0.01799743063747883
-0.21595297753810883
0.14379246532917023
0.42076897621154785
-0.3478696346282959
-0.06415863335132599
0.4487507939338684
-0.7202237844467163
-0.6701239347457886
-0.6600021719932556
-0.13426916301250458
0.2761763036251068
-0.20578530430793762
0.020338531583547592
-0.1705106496810913
-0.22642399370670319
-0.02970828302204609
0.17788265645503998
0.07056295871734619
-0.3361199200153351
-0.44961118698120117
0.032396893948316574
-0.2264377325773239
0.417481392621994
-0.2595197260379791
0.3107157349586487
0.5571848154067993
-0.4234384596347809
0.2930263876914978
0.6973744630813599
0.18465934693813324
-0.08267351984977722
0.978302001953125
0.5745832920074463
0.09928900748491287
0.5339047908782959
0.6410441994667053
-0.0010217127855867147
-0.3489034175872803
-0.15716032683849335
-0.1453285664319992
-0.34948328137397766
-0.7981517314910889
0.16335219144821167
0.053081583231687546
-0.6052836179733276
-0.419841468334198
0.46499788761138916
0.409289687871933
-0.1430438607931137
0.3643021285533905
-0.11315426230430603
-0.1586199402809143
-0.30524325370788574
0.1058076024055481
-0.6842960119247437
-0.030161671340465546
0.08619049936532974
-0.0968552678823471
0.2347325086593628
0.18981914222240448
-0.09873735904693604
0.05683835595846176
-0.4492754638195038
0.4078633487224579
-0.33428192138671875
-0.06700070947408676
-0.14303407073020935
0.09777462482452393
-0.30084115266799927
-0.13896122574806213
-0.6858437657356262
-0.33568623661994934
-0.11561388522386551
0.09150726348161697
-0.028973443433642387
-0.09351503849029541
0.17319685220718384
0.06101246550679207
-0.005829149391502142
0.05446693301200867
0.13082236051559448
-0.7280285954475403
0.13827994465827942
-0.1607094556093216
-0.3201902508735657
0.24456822872161865
0.33816200494766235
-0.7290652990341187
-0.12677840888500214
0.7970278263092041
-0.5909556746482849
1.1007063388824463
0.6016054749488831
-0.17652471363544464
1.0048555135726929
1.1489930152893066
0.2561488449573517
1.6923991441726685
1.3028818368911743
-0.4045001268386841
0.001513232826255262
-0.5859727263450623
0.3938140273094177
0.05675845220685005
0.5778711438179016
0.6794508695602417
0.8019462823867798
0.540398895740509
0.012600868009030819
0.007902597077190876
-0.048005007207393646
0.013391002081334591
0.033019933849573135
0.05423988401889801
0.03366139531135559
0.03829033300280571
-0.00902237556874752
-0.25494104623794556
-0.3212895691394806
-0.002066677436232567
-0.11011794954538345
-0.18257133662700653
-0.3513927161693573
-0.25108832120895386
-0.09787353128194809
-0.30688565969467163
0.009885622188448906
-0.06328877061605453
0.15635235607624054
-0.05469468608498573
0.007656541652977467
0.0002977956901304424
-0.17344729602336884
0.1559661328792572
0.2809157073497772
-0.4095683693885803
0.2847737967967987
0.0026605220045894384
0.04860144108533859
-0.08354561030864716
0.4010891020298004
0.1352434605360031
0.21063992381095886
0.542742908000946
0.04534262791275978
0.06913918256759644
0.09737729281187057
-0.0022605101112276316
0.07141058146953583
0.1972062736749649
-0.4761419892311096
-0.6165193319320679
-0.5363078117370605
-0.011692997068166733
-0.07645274698734283
0.04119379073381424
-0.04798160120844841
0.04868358001112938
0.006420742254704237
0.010945494286715984
0.05481470748782158
-0.02698395773768425
0.08440479636192322
-0.34249627590179443
0.16327382624149323
-0.11045650392770767
-0.12566669285297394
0.05901637673377991
-0.1913030743598938
0.1656447798013687
-0.29275789856910706
0.4493590295314789
-0.14766529202461243
0.22016724944114685
-0.21163979172706604
0.20410168170928955
-0.6167846322059631
-0.00421655410900712
0.5901035666465759
0.12754051387310028
-0.3701305091381073
0.3104221820831299
0.29431015253067017
-0.31262513995170593
-0.19138328731060028
0.5481383204460144
-0.4962391257286072
0.045116398483514786
0.045182548463344574
-0.22883206605911255
-0.24987494945526123
-0.1257960945367813
0.2741566598415375
-0.33025604486465454
-0.05609210953116417
0.2930564284324646
-0.7365549206733704
-0.6083104014396667
0.16580313444137573
-0.2785646617412567
-0.4480782747268677
0.6089152693748474
-0.05779745802283287
-0.5293306708335876
0.2941487729549408
-0.19491054117679596
-1.0825716257095337
0.005077107343822718
-0.02651325613260269
0.08673091977834702
0.20440621674060822
-0.17472301423549652
0.021628687158226967
-0.050834376364946365
-0.5256697535514832
0.02009357511997223
-0.19972330331802368
0.01338228490203619
0.05678708478808403
-0.01769154705107212
0.018793223425745964
0.05872141197323799
0.018009839579463005
-0.0014295508153736591
-0.03349234536290169
0.03232226520776749
0.007286296226084232
-0.11015629023313522
-0.013666193932294846
-0.05690644681453705
-0.11580850929021835
-0.3422640860080719
0.21914619207382202
0.19395659863948822
-0.40094926953315735
-0.2951994240283966
0.15053030848503113
-0.6304434537887573
0.15955750644207
0.23019877076148987
0.5428295135498047
0.037031207233667374
-0.25427553057670593
0.00034177914494648576
-0.24106545746326447
-0.22454990446567535
0.3294648230075836
-0.17898987233638763
-0.006029987707734108
0.4018857181072235
0.034124068915843964
-0.3542512357234955
-0.315189927816391
-0.19645874202251434
-0.07519246637821198
0.2676902413368225
-0.1985931098461151
-0.2420511543750763
0.0872470885515213
-0.332340806722641
0.05746971443295479
0.17963001132011414
0.1939048320055008
-0.06375639140605927
0.014693577773869038
0.11134666204452515
-0.20167863368988037
-0.025150224566459656
-0.016369808465242386
0.17284226417541504
-0.022938547655940056
-0.05591749772429466
-0.8804773092269897
0.4218427240848541
0.2977716028690338
-0.3402581214904785
0.12037493288516998
0.9724428057670593
-0.5946987271308899
-0.976067066192627
-0.545189380645752
-0.16698810458183289
0.16315656900405884
-0.30050230026245117
-0.19832639396190643
-0.0020090346224606037
-0.6732937693595886
0.027431372553110123
0.002990264445543289
-0.5345757603645325
-0.04005926474928856
0.20139798521995544
-0.4833613634109497
-0.04785788804292679
0.5272709727287292
-1.1982579231262207
-0.48994290828704834
0.23627880215644836
0.18894056975841522
-0.13435429334640503
-0.13441741466522217
0.06909222155809402
0.037953805178403854
-0.12332165241241455
-0.13433606922626495
0.19868655502796173
0.012201199308037758
0.365778386592865
-0.3202235996723175
-0.4792897403240204
0.6131954193115234
0.11843403428792953
-0.03370074927806854
0.244594007730484
-0.1685636341571808
-0.4548938572406769
0.11645559221506119
-0.05389593541622162
0.2705424129962921
0.08367723226547241
-0.1374167799949646
-0.23326784372329712
-0.11944365501403809
0.6265996098518372
0.4441632628440857
0.16480140388011932
-0.5396888256072998
-0.7654672861099243
0.37673893570899963
-0.3829715847969055
-0.912321925163269
-0.0669746845960617
-0.9640772342681885
-0.5389467477798462
-0.3219758868217468
0.16767485439777374
0.6691581606864929
-0.2849617898464203
0.3784387409687042
0.4992612898349762
-0.7805178165435791
0.2704055905342102
0.5789512991905212
0.12062130868434906
-0.08885009586811066
0.13536439836025238
-0.279432475566864
-0.3717827796936035
-0.6270749568939209
-0.1580544114112854
-0.5106368660926819
0.11399137228727341
0.04879578948020935
-0.04719219356775284
0.5386640429496765
0.04986157640814781
0.09871821850538254
0.15905480086803436
-0.43293553590774536
-0.13889861106872559
0.15340492129325867
0.0053283884190022945
0.03914102166891098
-0.07464954257011414
0.0851665735244751
-0.04873015359044075
-0.06424564123153687
-0.011548983864486217
-0.018039248883724213
0.011165636591613293
-0.3900228440761566
0.42513954639434814
0.44813451170921326
-0.06314228475093842
0.41802021861076355
0.6123926043510437
-0.505570113658905
1.0734137296676636
1.2174197435379028
0.2930002808570862
0.3533288836479187
-0.6204243302345276
0.3889777958393097
0.0911531001329422
-0.3381845951080322
0.2625966966152191
0.8698655366897583
0.6029182076454163
-0.20031529664993286
-0.13067518174648285
-0.5999956727027893
-0.05150744318962097
-0.8627271056175232
-0.6483766436576843
0.3846700191497803
0.7961663603782654
-0.1949424147605896
-0.0527832955121994
0.037125151604413986
-0.02794230729341507
-0.0402410663664341
-0.008304706774652004
0.011230617761611938
-0.05562661960721016
0.0020712646655738354
0.017401400953531265
-0.22981984913349152
-0.07145422697067261
0.13076452910900116
0.13515418767929077
-0.06637577712535858
0.2787664532661438
0.08184405416250229
-0.06846919655799866
0.27131667733192444
-0.1580570489168167
-0.005053158849477768
0.10513328015804291
-0.31942856311798096
-0.25408151745796204
-0.09274544566869736
0.2661423981189728
0.14722362160682678
-0.14245693385601044
-0.13547521829605103
0.16465717554092407
0.1734035611152649
0.11059886962175369
-0.010168706998229027
-0.04937267303466797
0.1137862280011177
-0.03297920525074005
0.4986131191253662
-0.03026079759001732
0.14877241849899292
0.3979327976703644
-0.30641865730285645
-0.15320652723312378
0.2213556319475174
-0.36793479323387146
-0.49997997283935547
0.11877959966659546
-0.0261049997061491
-0.023302331566810608
-0.05199400335550308
0.056098658591508865
-0.023125603795051575
-0.01677667908370495
-0.0041907597333192825
-0.018087930977344513
0.01141955517232418
-0.22482222318649292
-0.313647598028183
0.4207332730293274
0.008909275755286217
-0.5600939393043518
0.3498978018760681
0.1618741899728775
-1.154089093208313
-0.19398455321788788
-0.0006601119530387223
-0.18562765419483185
0.09456238895654678
0.17821525037288666
-0.08023949712514877
0.1181851327419281
-0.4233004152774811
-0.2854487895965576
-0.0797736793756485
-0.09332094341516495
-0.7051762938499451
0.19152921438217163
-0.008518081158399582
-0.46205025911331177
0.14654822647571564
-0.38820111751556396
-0.6679036617279053
-0.21573922038078308
0.006394088733941317
0.17737358808517456
-0.16118471324443817
-0.4811292588710785
-0.09605488926172256
-0.11957216262817383
-0.1750594824552536
-0.10848650336265564
0.5028468370437622
0.014387003146111965
0.016277508810162544
-0.09632643312215805
-0.5945108532905579
0.41335535049438477
0.18037348985671997
0.17312611639499664
0.05721953883767128
-0.4178091883659363
0.3277972340583801
-0.07200855016708374
-0.3108603060245514
-0.24366919696331024
-0.06121566891670227
-0.27566567063331604
-0.3391922116279602
0.24648332595825195
0.17406420409679413
-0.3620375990867615
-0.04448957368731499
0.045005422085523605
-0.0390101820230484
0.021911051124334335
0.03762924671173096
0.044686589390039444
0.009879551827907562
0.03331772983074188
0.0007784452755004168
-0.2562941312789917
0.3208130896091461
0.08712844550609589
-0.21102581918239594
-0.17527104914188385
-0.03517920896410942
-0.47844237089157104
-0.17656688392162323
0.03823432698845863
-0.05576197803020477
-0.28602278232574463
0.2396610677242279
-0.36468589305877686
-0.301443487405777
-0.06870377063751221
0.11415143311023712
-0.08525177836418152
0.0890941470861435
-0.17257550358772278
-0.2639695703983307
-0.2648114562034607
0.09755828976631165
0.14812201261520386
0.9889379739761353
0.046242088079452515
0.02965698577463627
0.22749905288219452
-0.022325951606035233
-0.01655605062842369
-0.26515892148017883
0.3870897591114044
0.27766159176826477
0.004606025293469429
-0.03780205175280571
0.2267897129058838
0.03515700250864029
0.1210460439324379
0.013026272878050804
0.026956096291542053
-0.05578792095184326
0.008232692256569862
-0.20632439851760864
0.14890901744365692
0.08548975735902786
0.014796658419072628
-0.13412515819072723
0.31103163957595825
-0.5201188921928406
-0.09775315225124359
0.09491067379713058
0.1835242658853531
-0.4338536858558655
-0.48649296164512634
0.40659230947494507
0.10467376559972763
-0.16222430765628815
-0.09250659495592117
0.06465984135866165
0.3183216154575348
0.0962504968047142
0.08698846399784088
-0.08564197272062302
-0.0663151890039444
-0.2993098497390747
-0.6186335682868958
-0.31075558066368103
-0.2448292225599289
-0.13746000826358795
0.045727238059043884
-0.21264086663722992
0.07773371785879135
0.3403319716453552
0.11637802422046661
0.12601834535598755
0.23591554164886475
-0.06958220899105072
0.26738235354423523
0.034464213997125626
0.14295780658721924
0.2167792022228241
0.16468451917171478
-0.18178775906562805
0.31721270084381104
0.46172335743904114
-0.4189288020133972
-0.02401779405772686
0.5268886089324951
-0.19842661917209625
-0.10434019565582275
0.3919792175292969
-0.7241367101669312
-0.3692847192287445
0.007547963410615921
0.15116676688194275
0.4829733669757843
0.3816342055797577
-0.07946706563234329
-0.291421502828598
-0.03837054595351219
0.695205569267273
1.9416205883026123
2.73783278465271
-0.3856603801250458
0.5695015788078308
1.58612859249115
0.11973173916339874
1.0003775358200073
1.8965309858322144
-0.2746411859989166
-0.4781701862812042
0.035781197249889374
0.4070519506931305
-0.14011363685131073
-0.2395181506872177
-0.05457856133580208
0.3288009464740753
-0.5614608526229858
0.029330777004361153
-0.2257184237241745
0.15021857619285583
-0.09859763830900192
-0.08941993862390518
0.2191161960363388
-0.09523625671863556
-0.13076582551002502
-0.16329093277454376
-0.46073099970817566
-0.10913585871458054
-0.07419007271528244
-0.11309453099966049
-0.004305441863834858
-0.1610925793647766
-0.23468856513500214
-0.03124816156923771
-0.016288133338093758
-0.07708139717578888
-0.11676394194364548
0.03846915438771248
-0.15140047669410706
-0.08260858803987503
0.02262101322412491
0.26812005043029785
0.07060420513153076
0.01730532757937908
-0.16080525517463684
-0.6121381521224976
0.11605314910411835
0.10497366636991501
0.1309710144996643
0.12222564220428467
-0.13860759139060974
0.03413258120417595
-0.1166331097483635
-0.7427771687507629
-0.25485122203826904
0.4058225452899933
-0.073820099234581
0.3689161241054535
0.3045675754547119
-0.48409947752952576
-0.13844016194343567
-0.24599578976631165
-0.3084717392921448
-0.18626843392848969
1.118348240852356
0.529313862323761
0.9904569983482361
1.4522042274475098
-0.04309306666254997
0.2484825998544693
0.1955893188714981
-0.014138124883174896
-0.016820330172777176
0.009636645205318928
0.034864090383052826
-0.051707614213228226
-0.03271375223994255
-0.033907271921634674
0.016478799283504486
0.005142014008015394
-0.06190929934382439
-0.032122306525707245
0.14472337067127228
0.13740231096744537
0.14892974495887756
-0.12961147725582123
-0.013439304195344448
0.19658683240413666
0.2799902558326721
-0.15266045928001404
-0.17355917394161224
0.026234790682792664
-0.1288311779499054
-0.1578083038330078
-0.16296130418777466
-0.13083383440971375
-0.32796499133110046
0.17273014783859253
-0.4464927315711975
-0.31484898924827576
-0.15050585567951202
0.15206275880336761
0.09667523950338364
-0.06834480166435242
0.5457433462142944
0.33501896262168884
-0.042134370654821396
-0.07628940790891647
-0.1357431560754776
-0.05936257913708687
-0.048952892422676086
0.15703226625919342
0.1443076878786087
-0.02305212803184986
0.03855552524328232
0.2220589816570282
-0.05564228072762489
0.025082269683480263
-0.026125075295567513
0.02140776626765728
0.01940687745809555
0.0525328703224659
0.056367624551057816
0.045967958867549896
0.05482340604066849
0.0864599272608757
-0.05142638832330704
-0.7777625918388367
0.16370472311973572
0.1974564641714096
0.14919669926166534
-0.25211355090141296
-0.2682130038738251
0.40715697407722473
-0.05480675399303436
-0.16198322176933289
1.079813838005066
-0.19645678997039795
0.4516894221305847
1.0222488641738892
-0.5019110441207886
0.019316507503390312
0.71164870262146
-0.40220555663108826
0.08670126646757126
-0.39426738023757935
0.06448213756084442
-0.0299940574914217
0.007625279948115349
0.10830523073673248
0.0024594394490122795
0.4323546290397644
-0.392374187707901
-0.4476795196533203
-0.5943140983581543
-0.5637258887290955
-0.2966105341911316
-0.18450023233890533
0.14356952905654907
0.09692637622356415
-0.3034729063510895
-0.1557745337486267
0.311763197183609
-0.5774012804031372
-0.13237272202968597
-0.3288070857524872
0.11258159577846527
0.5500007271766663
-0.2005993276834488
0.20589351654052734
0.7975322604179382
-0.1148555800318718
-0.3785661458969116
-0.2864623963832855
-0.2972935736179352
-0.6585414409637451
0.17176587879657745
0.3313696086406708
-0.015377763658761978
-0.16680563986301422
-0.026443446055054665
0.05539032444357872
0.018687132745981216
-0.0007153514306992292
0.05520768463611603
0.029783064499497414
-0.020311374217271805
-0.022666238248348236
-0.028891580179333687
0.15378248691558838
-0.04204139485955238
0.07809730619192123
-0.07649484276771545
0.03357285261154175
0.17868517339229584
-0.42997515201568604
-0.18691879510879517
0.15531669557094574
0.7088199853897095
-0.20330576598644257
0.04441375285387039
0.6781955361366272
-0.19466632604599
-0.529876172542572
0.1362845003604889
0.23084865510463715
0.4135963022708893
0.7414267659187317
-0.21365965902805328
-0.46140357851982117
-0.4865545928478241
-0.4858285188674927
-0.3252483904361725
-0.1471768319606781
0.20916448533535004
-0.01921420730650425
-0.5883000493049622
-0.5935600996017456
0.4775069057941437
0.10145670175552368
-0.3163160979747772
0.02953360229730606
0.479818195104599
-0.785348117351532
0.16743510961532593
0.06160544231534004
-0.05374282971024513
0.008009998127818108
-0.07803139835596085
0.13699780404567719
-0.11580142378807068
-0.030402302742004395
0.022821102291345596
0.10915635526180267
0.8696423768997192
-0.22240480780601501
0.2452077865600586
0.3549400866031647
-0.7140776515007019
0.10585708171129227
-1.2429988384246826
-0.23742350935935974
0.33474794030189514
-0.5556558966636658
-0.1280657947063446
-0.3154507279396057
-0.5342717170715332
-0.533538818359375
-1.00331711769104
0.03093412145972252
0.2979254722595215
-0.2049660086631775
0.3043374717235565
-1.45028555393219
-0.07939931005239487
-1.1379716396331787
-0.9300379157066345
0.17858068645000458
-0.3927208483219147
0.049387890845537186
0.18180279433727264
0.00848658848553896
0.023724611848592758
-0.19044719636440277
-0.05763980746269226
-0.25282180309295654
-0.19739209115505219
-0.042999267578125
0.12163747102022171
-0.11413829028606415
-1.0205858945846558
0.041857991367578506
-0.09672766923904419
-0.14317215979099274
0.44709280133247375
-0.042792219668626785
-0.262895792722702
0.22175611555576324
-0.5171135067939758
-0.6055045127868652
-0.2253570854663849
-0.12958335876464844
0.31115707755088806
-0.11018829792737961
0.1730613261461258
0.02193673886358738
0.14660415053367615
-0.056300386786460876
-0.33202651143074036
-1.0212479829788208
-0.14202751219272614
0.13496127724647522
-0.11940976232290268
-0.416328102350235
0.13331425189971924
0.02542022243142128
-0.8848065733909607
-0.5740969181060791
-0.38527557253837585
-0.010965204797685146
-0.12349668890237808
-0.03701917454600334
0.34350407123565674
0.012865087948739529
-0.17021878063678741
0.6456926465034485
-0.04023605212569237
-0.3655923902988434
0.0684819146990776
-0.17635685205459595
0.25868427753448486
0.29418954253196716
-0.27284252643585205
0.06065552681684494
0.021310409530997276
0.1659536510705948
-0.13554710149765015
-0.058083146810531616
-0.06228379160165787
-0.32847028970718384
-0.5019099116325378
0.44697868824005127
-0.7372657656669617
-0.8200972676277161
0.13711051642894745
-0.031588222831487656
0.044367384165525436
0.02184739150106907
-0.05736455321311951
-0.0020758542232215405
-0.015012605115771294
0.02407267689704895
0.0696912333369255
-0.8075096011161804
-0.7759802341461182
-0.007454941980540752
-0.9907500743865967
-0.1484595090150833
0.4302203357219696
-0.2713937759399414
-0.0621844120323658
0.49481913447380066
-0.112909696996212
-0.318646639585495
0.2457575500011444
-0.645503044128418
-0.8093994855880737
0.6803634762763977
-0.11535581946372986
-0.03737562149763107
0.17589373886585236
0.626956582069397
-0.3045046627521515
-0.03950846940279007
0.4868987798690796
-0.8215133547782898
-0.06757119297981262
-0.5136056542396545
-1.1730467081069946
0.19260020554065704
0.02596271224319935
0.005456555634737015
0.05241719260811806
0.051883768290281296
-0.006638782098889351
-0.012947083450853825
0.028585284948349
-0.02448195219039917
-0.021812595427036285
0.1050567701458931
0.108698770403862
0.020632699131965637
0.14533141255378723
0.11139922589063644
-0.34735220670700073
-0.14608067274093628
-0.06349562108516693
0.0607634074985981
0.027506530284881592
0.09904593974351883
0.028680769726634026
-0.0677163377404213
0.03545290231704712
-0.16006317734718323
0.05657557025551796
-0.0035285120829939842
0.11607759445905685
0.19841869175434113
-0.07882655411958694
0.2971993386745453
0.04704255238175392
-0.035923879593610764
0.50455242395401
-0.4306773841381073
-0.3538280725479126
0.38479843735694885
-0.20156562328338623
-0.4990345537662506
-0.4820539057254791
-0.2581161856651306
-0.5381924510002136
-0.6985880136489868
0.052768949419260025
-0.33389610052108765
-0.16852602362632751
-0.055268678814172745
-0.04036346450448036
0.011243816465139389
0.01040018443018198
0.004738499876111746
0.04622022807598114
-0.03208049386739731
0.05726282298564911
-0.019093582406640053
0.5959398150444031
-0.6360013484954834
0.17677612602710724
0.05364878475666046
-0.0684814378619194
0.36794647574424744
-0.7778266668319702
0.5989891886711121
0.09788350760936737
-0.2076408565044403
-0.015357847325503826
-0.00920163281261921
0.11353029310703278
0.3750690817832947
-0.631141722202301
0.05690563842654228
0.1905142366886139
-0.0199867133051157
0.7810755968093872
-0.7849751710891724
-0.0953846275806427
0.5982996225357056
0.038453686982393265
-0.23333364725112915
-0.653320848941803
0.21794350445270538
0.06217901036143303
0.4067622721195221