0.6119100451469421
0.43516066670417786
-1.0676137208938599
0.551444947719574
0.6467075943946838
-1.2504382133483887
0.4523610770702362
0.5453053116798401
-0.98081374168396
0.7111610770225525
-0.20424231886863708
-0.8250638842582703
-1.0253605842590332
-0.07337047904729843
-0.21345239877700806
-0.442775160074234
0.0626971423625946
0.0375555120408535
0.7319287657737732
-0.13797993957996368
0.1652776598930359
0.7503998279571533
0.7709652781486511
-1.3337892293930054
-0.4764023721218109
0.44332683086395264
-3.956002950668335
-0.9752344489097595
-0.5461609959602356
0.754365861415863
-0.7246938347816467
-0.5640558004379272
-0.13537947833538055
-0.09747146815061569
-0.17911690473556519
0.22935517132282257
-0.32921552658081055
0.3439832925796509
0.2522376477718353
0.503512442111969
-0.9412608742713928
-3.0754668712615967
-0.9354416131973267
0.22543387115001678
-0.767403781414032
-0.6161977648735046
0.7955445051193237
0.5006418824195862
0.32724806666374207
0.7507416009902954
0.7512361407279968
0.5860457420349121
0.1338326334953308
0.7660073041915894
-0.42410847544670105
-1.954411268234253
0.6132957935333252
-1.0698091983795166
-2.072694778442383
0.7042688727378845
0.7869980931282043
-0.23136484622955322
-0.22803549468517303
-0.8725036978721619
-1.209863543510437
-0.42237651348114014
0.250851035118103
0.5230634212493896
0.18130655586719513
0.8799874782562256
0.09683569520711899
0.6825552582740784
-0.565010130405426
0.16596239805221558
0.6500573754310608
-0.7713786363601685
0.23648346960544586
0.5219689011573792
-0.41132140159606934
0.7337327599525452