0.5292716026306152
-0.5493821501731873
-0.04521650820970535
1.0165482759475708
-0.9138519763946533
-0.18793527781963348
0.8257521390914917
-0.8964571952819824
0.23117972910404205
0.7354194521903992
0.5470026731491089
0.3474355638027191
0.17823079228401184
0.13681185245513916
0.46114450693130493
0.35636529326438904
0.03315546736121178
0.6019618511199951
0.21009637415409088
-0.21927404403686523
-0.34663471579551697
-0.2324330359697342
-0.09918505698442459
-0.4052005112171173
-0.2057010382413864
-0.16689759492874146
-0.40831151604652405
-0.2059493213891983
-0.05275269225239754
-0.5136055946350098
0.5709774494171143
0.18021485209465027
0.17044275999069214
0.040720291435718536
-0.27850112318992615
-0.5891135334968567
-0.5846980214118958
-0.5838044285774231
-0.6025205850601196
-0.09842684864997864
-1.153637409210205
-1.2993947267532349
-0.832617998123169
0.3632912337779999
0.48991432785987854
0.007734721060842276
0.7911461591720581
0.786383330821991
0.7054719924926758
0.6784602999687195
-0.19543249905109406
0.014176431111991405
0.3603392541408539
0.6847711205482483
2.1229655742645264
1.3742047548294067
0.5376626253128052
2.2259202003479004
1.707600474357605
0.6108287572860718
0.24414215981960297
0.39799776673316956
-0.16688138246536255
-0.17842669785022736
0.2863089144229889
-0.11202492564916611
-0.4070236086845398
0.3612329661846161
0.6056712865829468
0.2491539567708969
0.1710764765739441
0.007944951765239239
-0.2578795254230499
-0.08070098608732224
0.18860529363155365
-0.11433687806129456
-0.17051011323928833
0.09500524401664734
-0.04439587891101837
-0.5128135085105896