0.27783483266830444
0.4601699113845825
-0.13460716605186462
-0.31584376096725464
-0.3814452886581421
-0.16436025500297546
-0.38076454401016235
-0.3706095814704895
0.008987857960164547
-0.6578070521354675
-0.31697893142700195
-0.22654233872890472
-0.6319906115531921
0.21140167117118835
0.25513002276420593
0.07733593881130219
0.11278080195188522
0.19926230609416962
0.04900797829031944
-0.15414516627788544
-0.8290634155273438
0.18934154510498047
0.6535441875457764
-1.4202885627746582
0.3948395550251007
1.203781008720398
-1.222402811050415
-0.036868542432785034
1.2146646976470947
0.7535856366157532
-0.7318375110626221
-0.24531881511211395
0.9360043406486511
-1.1723378896713257
0.10355284810066223
1.0219839811325073
-0.6541948914527893
0.3634966313838959
0.4329557716846466
0.6305440068244934
-1.2048509120941162
-0.5145449638366699
-0.08717077970504761
-0.8386496901512146
-0.5419360399246216
-0.14908882975578308
-0.20294930040836334
0.17237624526023865
-0.16013944149017334
-0.4848477840423584
-0.10313961654901505
-0.4907297194004059
-0.07706014066934586
0.2715584635734558
-0.5473659038543701
-0.10755608975887299
0.2360582947731018
-0.12464844435453415
0.05028773471713066
-0.2550697922706604
-0.039287861436605453
0.22431012988090515
-1.004339337348938
0.18103665113449097
0.2573534846305847
-0.6852537393569946
0.26176926493644714
0.23966000974178314
-0.3531651794910431
-0.48366838693618774
0.019103920087218285
0.2578582763671875
-0.830516517162323
-0.062452200800180435
0.5230982899665833
-0.47783687710762024
-0.02190515771508217
0.6384698152542114
0.2542266547679901
0.18566234409809113