0.23814129829406738
-0.9415184855461121
-0.45924872159957886
0.3418545722961426
-0.37122583389282227
-0.24060730636119843
0.44417983293533325
-0.15686039626598358
-0.043602634221315384
0.33672893047332764
-0.12950479984283447
-0.31256580352783203
0.3735578954219818
0.07075989991426468
-0.10815805941820145
0.43929919600486755
0.329534113407135
0.35984569787979126
0.6229962706565857
0.05043276026844978
0.23350198566913605
0.11887487769126892
0.12446095794439316
0.2784857749938965
0.47451314330101013
0.03384406864643097
0.1791374683380127
-0.012520065531134605
-0.004419244825839996
0.0011160133872181177
0.014579009264707565
-0.03136304393410683
-0.046509355306625366
-0.02654055878520012
-0.05446439981460571
0.03662271797657013
-0.12742559611797333
0.0036520566791296005
-0.08723604679107666
0.18981443345546722
0.28234219551086426
-0.03554471954703331
0.347411572933197
0.049492496997117996
-0.30954381823539734
-0.27819812297821045
0.3203498423099518
0.0006424466846510768
-0.6822144985198975
0.1302599161863327
0.25630754232406616
0.17884516716003418
-0.45011046528816223
-0.22566701471805573
0.08584678918123245
-0.6694207191467285
-0.318316251039505
0.052360743284225464
0.015503419563174248
0.2091640681028366
-0.13496489822864532
0.25608861446380615
-0.041058316826820374
0.27979016304016113
-0.4102548360824585
0.1933354288339615
0.7681654095649719
-0.0007895695162005723
-0.0818982943892479
0.306610643863678
-0.08242368698120117
-0.43692073225975037
-0.006862120237201452
-0.1909923106431961
-0.03840244933962822
-0.048836950212717056
-0.058021750301122665
0.0045500812120735645
0.09551772475242615
0.0761980190873146
-0.14221987128257751
0.3663809299468994
0.0005239020683802664
-0.2344987839460373
-0.11006079614162445
-0.17621734738349915
-0.18535789847373962
-0.25316619873046875
0.18889477849006653
0.890325129032135
-0.08790500462055206
-0.7563050389289856
-0.04131714999675751
0.006929405499249697
0.1539800614118576
-0.19223886728286743
-0.0444885715842247
0.38192078471183777
-0.1776626706123352
-0.07637935876846313
-1.4220952987670898
-0.6889989972114563
-0.2008376121520996
-0.95856112241745
-0.11959830671548843
0.20444178581237793
0.28045251965522766
0.19934922456741333
-0.11028631031513214
0.1861605942249298
-0.05505265295505524
0.07991383224725723
-0.10874607414007187
-0.10652117431163788
0.011294832453131676
0.05349631607532501
-0.13408038020133972
0.14763709902763367
0.8919655680656433
0.09280126541852951
0.3018547296524048
1.0335986614227295
0.6715663075447083
0.33975473046302795
1.4045358896255493
0.6598586440086365
-0.3728039264678955
0.2849859595298767
0.06012029945850372
-0.07809320837259293
-0.29078802466392517
-0.14138959348201752
0.12141694128513336
0.12280146032571793
0.16990375518798828
-0.08422688394784927
-0.7222781181335449
-0.4504336416721344
-0.2723148465156555
0.5106093883514404
0.3220966160297394
0.4288423955440521
0.5121281743049622
-0.1980886310338974
-0.4254266619682312
-0.28544726967811584
0.08342333883047104
-0.07812993228435516
-0.24424563348293304
0.4660079777240753
0.20187439024448395
0.037202734500169754
0.35885119438171387
-0.054813407361507416
0.18807242810726166
0.16176317632198334
-0.25900378823280334
0.38226956129074097
0.25518131256103516
-0.006330409552901983
0.2347031533718109
-0.09203555434942245
0.19171740114688873
0.6442317366600037
0.020331500098109245
0.10179426521062851
-0.14528709650039673
-0.3833751678466797
0.03899724781513214
-0.09928963333368301
-0.2054588943719864
-0.06961783766746521
0.08094029873609543
-0.1440773755311966
0.04708100110292435
0.013985593803226948
0.0415358729660511
0.039392001926898956
0.02862892858684063
0.04076075181365013
-0.3279591500759125
-0.6477394104003906
-0.15253102779388428
-0.29991307854652405
-0.1454036682844162
0.508128821849823
0.2717301845550537
-0.16154888272285461
-0.23613430559635162
0.17563527822494507
0.37963998317718506
0.38965022563934326
0.16408683359622955
0.2763984501361847
0.14323744177818298
0.4896186292171478
0.1931978315114975
0.24167576432228088
-0.16858792304992676
-0.27907538414001465
-0.0481606051325798
-1.0246065855026245
-0.6899996399879456
-0.8556190729141235
-0.07348409295082092
-1.154577612876892
-0.8834719657897949
0.04462737217545509
-0.03728839010000229
0.009071673266589642
0.026481427252292633
0.05515933781862259
0.04767642542719841
0.021522358059883118
0.041168734431266785
0.0483943410217762
-0.24076642096042633
0.16828817129135132
0.3428686559200287
-0.36043480038642883
0.1927371621131897
0.5810344219207764
0.025023145601153374
0.059775691479444504
-0.19852282106876373
-0.053921621292829514
0.13701599836349487
0.0033958826679736376
-0.07016432285308838
-0.16351866722106934
-0.3664896488189697
-0.06912272423505783
-0.1447782963514328
0.28989365696907043
0.10037204623222351
0.21031561493873596
0.18007324635982513
-0.5402056574821472
0.31704482436180115
0.5349975824356079
-0.1358201652765274
0.006087060086429119
0.4476921856403351
-0.17167547345161438
-1.0955966711044312
-0.3020656108856201
0.14456187188625336
-0.3173869550228119
-0.08434313535690308
0.45811349153518677
0.12303101271390915
-0.2729547917842865
-0.012578340247273445
0.0034583471715450287
-0.018784280866384506
0.050080373883247375
-0.023673174902796745
0.04392183572053909
-0.03253303840756416
0.01749986968934536
-0.001376684638671577
0.28868749737739563
-0.04774251580238342
-1.4104353189468384
0.19746369123458862
-0.20762194693088531
-0.5229007005691528
-0.0936160534620285
0.06919489800930023
0.44960537552833557
0.3373112380504608
-0.12481774389743805
-0.42114371061325073
-0.25282981991767883
0.42511194944381714
0.14719417691230774
0.26991263031959534
0.4278338551521301
-0.28705844283103943
0.09327232837677002
-0.058538295328617096
-1.0388975143432617
-0.1147812232375145
0.12914513051509857
-0.09257452934980392
-0.13246314227581024
0.25841203331947327
0.3341723084449768
-0.30214107036590576
-0.021861569955945015
0.4324779808521271
0.4083327651023865
-0.20544786751270294
-0.11016949266195297
0.16246934235095978
-0.20595288276672363
-0.06549006700515747
0.10215478390455246
0.09237558394670486
-0.014904646202921867
0.0561523474752903
-0.08935659378767014
-0.4303417503833771
0.12531651556491852
-0.013433071784675121
-0.07761568576097488
-0.8379970788955688
-0.2949473261833191
-0.3228052258491516
0.14282245934009552
0.13421742618083954
-0.11991488188505173
0.09890403598546982
-0.20467978715896606
-0.33589720726013184
0.007439867593348026
0.01931440457701683
-0.029106993228197098
-0.012711749412119389
0.002962256083264947
0.0035900685470551252
0.03260155767202377
0.025996344164013863
0.0253190528601408
0.027900975197553635
-0.00796517450362444
0.1939353048801422
0.3643527328968048
0.10535341501235962
0.20244863629341125
0.8741857409477234
0.39037302136421204
0.11752566695213318
0.31547895073890686
0.25943735241889954
0.041456226259469986
0.06969934701919556
0.5506284236907959
-0.08953429013490677
0.5102291703224182
-0.25857120752334595
-0.12425547093153
-0.5179494023323059
0.2950659990310669
0.3880603611469269
-0.0669357106089592
0.4676849842071533
0.12604841589927673
-0.5799065232276917
-0.08534756302833557
-0.11870703846216202
-0.6470590233802795
-0.06653445959091187
-0.05698634311556816
-0.07631100714206696
-0.32200193405151367
-0.18572625517845154
-0.34739747643470764
0.0779259130358696
-0.20043151080608368
-0.005527516361325979
0.12752783298492432
0.06794975697994232
-0.10952379554510117
-0.060567304491996765
0.010896344669163227
-0.05466225743293762
-0.11066290736198425
-0.04944029822945595
0.13238242268562317
-0.48368754982948303
-0.2538357675075531
0.44589006900787354
0.6053887009620667
0.3792876601219177
0.5206603407859802
0.16433002054691315
-0.13280311226844788
-1.2973320484161377
0.09945838898420334
0.41813433170318604
0.3599344491958618
0.30073386430740356
0.2532666027545929
0.27718138694763184
0.28284287452697754
-0.2678970396518707
-0.10150795429944992
0.05950712785124779
0.15439480543136597
0.21590517461299896
-0.05334926396608353
0.0480356328189373
-0.171417236328125
-0.35194116830825806
-0.17190667986869812
-0.21048279106616974
-0.08501388132572174
0.06529737263917923
0.02078833244740963
-0.024640148505568504
-0.024592870846390724
0.020115869119763374
0.07508653402328491
0.00900649931281805
0.008475329726934433
0.196398064494133
-0.033393193036317825
0.32653942704200745
-0.07159537076950073
-0.8622118234634399
0.34222468733787537
0.2935872972011566
0.6656656861305237
-0.05687800422310829
-0.5436334609985352
-0.02953312173485756
-0.04548592492938042
0.5035350918769836
0.014027229510247707
0.797480583190918
-0.6009880900382996
-0.37983575463294983
0.09619362652301788
1.0928282737731934
1.380011796951294
1.144067645072937
0.17069967091083527
0.5977311730384827
0.06824884563684464
-0.18987427651882172
-0.5121209025382996
0.5728772282600403
-0.6365588307380676
-0.3928469121456146
-0.08535459637641907
-0.5670701265335083
-0.8959217667579651
-0.5650022029876709
-0.2710648477077484
-0.6381080150604248
0.02427583374083042
-0.03878521919250488
0.2392590492963791
-0.2449876368045807
-0.3943041265010834
0.038126420229673386
-0.24545608460903168
-0.2743827998638153
-0.06556635349988937
-0.2005271166563034
0.3162479102611542
0.09523667395114899
0.05083522945642471
0.20798702538013458
0.09714004397392273
-0.06070354953408241
-0.10234703868627548
-0.4593069553375244
-0.44513583183288574
0.09197217226028442
0.1010855883359909
0.08405357599258423
0.07176202535629272
0.15548117458820343
-0.09415818750858307
-0.03200727701187134
0.13431403040885925
-0.1491231918334961
-0.32588085532188416
-0.7952592968940735
-0.20539641380310059
-0.7572015523910522
-0.6840518116950989
-0.49239423871040344
-0.9331351518630981
-0.4967389702796936
-0.19828975200653076
-0.6390039324760437
-0.5336788892745972
-0.2139640599489212
-0.20034371316432953
0.42356666922569275
0.528584361076355
-0.8092671632766724
-0.6688442826271057
-0.2836797833442688
-0.3636970520019531
0.048929352313280106
0.38736239075660706
1.1112186908721924
0.6989913582801819
0.7618181705474854
-0.2384217381477356
-0.6722963452339172
-0.23071420192718506
0.030564656481146812
-0.05408328026533127
-0.004516315646469593
0.00863926112651825
0.006130575202405453
0.025027325376868248
0.0067564561031758785
0.0037812746595591307
-0.04257940128445625
0.22814668715000153
0.06535883247852325
0.14337937533855438
0.10711616277694702
0.4392163157463074
0.4510194659233093
-0.17406141757965088
0.20811966061592102
0.01102584507316351
-0.02673584781587124
0.125997394323349
0.01782798022031784
-0.04012575000524521
-0.02922680601477623
0.2531881034374237
-0.10366286337375641
-0.21533942222595215
-0.03651532903313637
0.4463473856449127
0.2785351872444153
0.15462473034858704
0.16904686391353607
0.08231067657470703
-0.49675607681274414
0.07269357144832611
-0.4954007863998413
-0.20699837803840637
0.03122374787926674
0.2911214530467987
0.1212187185883522
0.035966239869594574
-0.10363420099020004
-0.12545590102672577
0.037370067089796066
-0.2137429118156433
-0.21039192378520966
-0.0006577296881005168
0.023790676146745682
0.0056400420144200325
-0.03064548596739769
0.046306949108839035
-0.04319014400243759
-0.0022661027032881975
-0.00972642470151186
-0.01694497838616371
-0.02834750898182392
0.30474403500556946
0.587700366973877
-0.03871641680598259
0.2805551588535309
0.03281443566083908
0.5793224573135376
0.06505315005779266
-0.36472195386886597
0.3719022870063782
0.4723013937473297
0.7702860832214355
0.2319938987493515
0.20065276324748993
0.8306863903999329
0.43966343998908997
0.009445736184716225
-0.5393810272216797
-0.43717774748802185
-0.19329607486724854
0.06627705693244934
0.44357916712760925
0.06441695988178253
0.433057576417923
0.13398930430412292
0.14295564591884613
-0.7643593549728394
-0.3338622748851776
0.10428053140640259
0.2447315901517868
-0.40285488963127136
-0.4441966116428375
-0.03876354545354843
-0.6676688194274902
-0.36007100343704224
-0.19305098056793213
-0.4752587676048279
0.5602877140045166
0.8235651850700378
0.05100221186876297
-0.1663767397403717
0.20805329084396362
-0.2746456563472748
-0.4728802442550659
-0.2727421224117279
-0.6288816928863525
-0.0067895869724452496
0.12672632932662964
0.041440699249506
0.005318425130099058
-0.0571906715631485
-0.001718975487165153
-0.26757246255874634
0.1609087586402893
-0.2958969175815582
0.051804069429636
-0.029740817844867706
0.0010755243711173534
-0.04797041043639183
0.0579146184027195
0.02980247139930725
0.02129511721432209
0.015546223148703575
-0.0317697674036026
-0.10187868773937225
0.5442935824394226
-0.3092409372329712
-0.03463281691074371
0.4781288206577301
0.10198241472244263
-0.07965544611215591
-0.08238009363412857
-0.06412694603204727
-0.8201959729194641
0.06424097716808319
-0.01623549684882164
-0.27985233068466187
-0.7045919895172119
-0.19327570497989655
-0.1821337789297104
-0.33645710349082947
-0.20698149502277374
0.12210290133953094
0.3420484662055969
0.5863470435142517
0.00561732891947031
-0.20347848534584045
-0.24396325647830963
-0.3486505448818207
-0.5285476446151733
-0.6609398722648621
0.08833937346935272
0.695316731929779
-0.07830189913511276
0.02691568061709404
0.2939428687095642
-0.1286732405424118
-0.08016794919967651
0.024546336382627487
-0.05416230857372284
-0.12005467712879181
0.14194965362548828
-0.09820228070020676
0.1348443627357483
-0.029344748705625534
0.03935163840651512
-0.007502101827412844
0.046983592212200165
0.05531095713376999
-0.12342707067728043
0.09368431568145752
-0.1629369854927063
-0.47005030512809753
-0.436777800321579
-0.00953657552599907
-0.6274580359458923
-0.2270234376192093
-0.9341754913330078
0.06915108114480972
0.05501699820160866
-0.06928171217441559
-0.17372216284275055
0.48556363582611084
0.4798194169998169
-0.26296281814575195
0.19376778602600098
0.17802004516124725
0.24645602703094482
0.1896771341562271
0.11660102009773254
0.18751312792301178
0.17603252828121185
-0.03264357149600983
0.1991541087627411
0.2786000370979309
-0.10396323353052139
0.2020355612039566
-0.010338729247450829
0.04729584977030754
-0.05501691251993179
-0.09678695350885391
0.10526245087385178
-0.03041904792189598
0.019310737028717995
0.17427794635295868
-0.552181601524353
0.18691083788871765
0.2499236762523651
-0.15617337822914124
-0.496060848236084
0.19041137397289276
-0.27400878071784973
-0.5468695163726807
-0.8140280842781067
0.13689568638801575
-0.06885773688554764
0.09856737405061722
0.08627097308635712
0.001500000711530447
0.30174994468688965
-0.2972358763217926
-0.755547285079956
-0.09253495186567307
0.30054837465286255
0.4264619052410126
0.6306843161582947
0.13888554275035858
0.15241168439388275
0.23811419308185577
-0.4624488651752472
-0.27166882157325745
-0.48093733191490173
-0.09458229690790176
-0.7466749548912048
0.027714742347598076
-0.2081518918275833
0.13824063539505005
-0.16265328228473663
-0.12818609178066254
-0.02489679865539074
-0.2966909110546112
-0.4592079520225525
0.40498533844947815
-0.1134273037314415
-0.19805622100830078
-0.373440146446228
-0.16110466420650482
0.11496885865926743
0.1108405590057373
-0.25628989934921265
0.21362166106700897
0.5526347160339355
-0.4512460231781006
0.08733048290014267
0.5162680149078369
0.06446073204278946
-0.24177713692188263
0.07727649062871933
0.04712608456611633
-0.015240704640746117
-0.04036330804228783
0.029768243432044983
-0.018346015363931656
-0.17102910578250885
-0.08002308011054993
-0.060932040214538574
-0.03917623683810234
0.10917948931455612
-0.592003345489502
-0.6917739510536194
0.34056147933006287
-1.0433602333068848
-0.5144197344779968
0.13640469312667847
-0.3803137540817261
-0.9951731562614441
-1.011309027671814
0.12029194086790085
-0.22892799973487854
-0.16638852655887604
-0.039491575211286545
0.28077182173728943
0.07761730998754501
-0.1586301326751709
-0.6169940829277039
-1.140580177307129
0.516869306564331
0.22910693287849426
-0.2203991860151291
0.33866211771965027
0.07332540303468704
0.3304027020931244
-0.16406293213367462
-0.1897333562374115
-0.3449541926383972
-0.05157962068915367
-0.012935296632349491
-0.04845987632870674
-0.04079749807715416
0.0011276248842477798
0.046055153012275696
0.03781947121024132
-0.00677134795114398
-0.004169292747974396
0.03101068176329136
-0.14303188025951385
-0.028782697394490242
-0.139912948012352
-0.4298042356967926
-0.2603105306625366
0.30184271931648254
-0.20211100578308105
-0.14011898636817932
0.21121157705783844
-0.16112221777439117
-0.14688093960285187
-0.1224382147192955
-0.013284674845635891
-0.1120590791106224
-0.03649178147315979
0.12355897575616837
0.16164685785770416
0.17801730334758759
-0.17396679520606995
0.8132883310317993
-0.386023610830307
-0.4101007580757141
0.5772151947021484
-0.5544067025184631
-0.351541668176651
0.3082597553730011
0.374356210231781
0.2632303237915039
-0.2715427577495575
-0.11399924755096436
0.013661201111972332
-0.3606099784374237
-0.4342981278896332
-0.18606826663017273
-0.22679993510246277
0.08286286145448685
0.042718105018138885
0.05396313965320587
-0.004974395968019962
0.10481931269168854
0.05361819639801979
-0.03654671087861061
-0.018737779930233955
-0.012002340517938137
0.04007375240325928
0.7481423020362854
0.15663395822048187
-0.542155921459198
0.25185316801071167
-0.22255219519138336
-0.13550303876399994
-0.4936163127422333
-0.3335393965244293
0.2507106363773346
0.4278048276901245
0.30041301250457764
-0.028872882947325706
0.018878791481256485
0.4527404010295868
-0.47979751229286194
0.16580800712108612
-0.14916783571243286
-0.378576397895813
0.4096316993236542
0.6143108606338501
-0.053744107484817505
-0.5414438843727112
0.12946389615535736
-0.6348122358322144
-0.7018860578536987
-0.3660869896411896
-0.07598645985126495
-0.30056363344192505
-0.08746045082807541
0.0761127918958664
0.02818424254655838
-0.07517053931951523
0.005576394964009523
0.13253186643123627
-0.2817087173461914
-0.5818033814430237
-0.21395698189735413
-0.32581043243408203
-0.5175718069076538
0.43517911434173584
-0.2537231743335724
-0.09173784404993057
0.3105068802833557
0.0918494313955307
-0.40679576992988586
0.01003367267549038
0.4214269816875458
0.14417317509651184
-0.137455552816391
0.012615748681128025
0.2810346782207489
-0.10382874310016632
0.09869051724672318
-0.158839613199234
-0.02663472853600979
0.05039273202419281
0.04741356149315834
0.0377013273537159
-0.021411575376987457
-0.007816512137651443
0.03557099029421806
0.021318325772881508
0.014378734864294529
0.04125911742448807
0.31847938895225525
0.10501888394355774
0.002281442517414689
-0.1703377217054367
0.015041274949908257
-0.2370465248823166
-0.30501148104667664
-0.2966197729110718
-0.33508479595184326
-0.33626556396484375
-0.9870604276657104
-0.809819221496582
-0.2546539604663849
-0.6865053176879883
-0.16224266588687897
-0.3409283757209778
0.35156551003456116
-0.0818294882774353
-0.22792290151119232
-0.24359431862831116
0.11106568574905396
-0.3630809485912323
0.26630252599716187
0.23536552488803864
0.6517225503921509
0.30357083678245544
-0.31548574566841125
0.07680170238018036
0.1770755499601364
0.3051720857620239
0.13446906208992004
0.18378736078739166
0.22795706987380981
0.21600636839866638
-0.36219698190689087
-0.13650386035442352
0.03234972059726715
0.09277529269456863
-0.22150367498397827
-0.2405833601951599
0.006940408609807491
-0.18851813673973083
-0.09751814603805542
-0.14307044446468353
-0.8222525119781494
-0.3993785083293915
-0.6511383056640625
-0.46932587027549744
-0.16030502319335938
-0.5631124377250671
0.10781320184469223
1.3420490026474
0.9173088669776917
-0.19392316043376923
-0.09249386936426163
0.05029109865427017
0.057137515395879745
0.18779893219470978
0.21614594757556915
0.23262986540794373
0.3078530430793762
-0.3238392472267151
-0.045308250933885574
0.14252613484859467
-0.06658019125461578
0.02330661192536354
0.06801259517669678
-0.04876677319407463
-0.07980123162269592
-0.34115517139434814
-0.8130249381065369
-0.029328515753149986
0.002681542420759797
-0.03922403231263161
0.10925360769033432
0.08417102694511414
-0.17658323049545288
0.08324601501226425
-0.10314574837684631
-0.0518932119011879
0.0028736393433064222
-0.06791607290506363
-0.12707901000976562
0.3551796078681946
-0.25512656569480896
-0.30510851740837097
0.22038064897060394
-0.8189045786857605
-0.504561185836792
-0.02427789382636547
0.060940179973840714
-0.036454781889915466
-0.19181010127067566
-0.13920438289642334
-0.1997617483139038
-0.07728225737810135
-0.8727607727050781
0.4283207654953003
-0.07149848341941833
-0.35877493023872375
0.025352325290441513
-0.009684249758720398
-0.10670799762010574
0.5931988954544067
-0.5694922208786011
-1.056296706199646
-1.0614233016967773
0.41969045996665955
0.16104756295681
0.1502402424812317
0.6283920407295227
-0.05726390331983566
-0.32432037591934204
0.48824426531791687
-0.896531343460083
-1.2114791870117188
0.07011060416698456
-0.07449893653392792
0.16354544460773468
-0.3457285463809967
0.14879508316516876
-0.07062577456235886
-0.42238524556159973
0.08116387575864792
-0.17163237929344177
0.1268899291753769
-0.21441836655139923
0.2013728767633438
0.16551677882671356
0.0014166287146508694
0.2711487412452698
0.19087593257427216
-0.06226044520735741
-0.32908159494400024
-0.08112354576587677
0.06442894786596298
-0.03945162519812584
-0.06870698928833008
-0.0019214012427255511
0.09615687280893326
0.026431627571582794
0.008788583800196648
0.0955595001578331
0.2899356186389923
0.0599227100610733
-0.2872479259967804
0.3547990024089813
-0.42624908685684204
-0.42037755250930786
0.08590966463088989
-0.7721006870269775
-0.4091937839984894
-0.006280963309109211
-0.5747748017311096
-0.2369665801525116
-0.535862147808075
0.25764000415802
0.01837218925356865
-0.8701807856559753
-0.76347416639328
1.2331293821334839
-0.8177171349525452
-0.43338048458099365
0.16829563677310944
-0.6085318922996521
0.28645727038383484
-0.007185323629528284
-0.7418746948242188
0.4557937681674957
0.995865523815155
0.030382132157683372
0.052546177059412
0.009354738518595695
0.013937288895249367
0.017334789037704468
-0.027967067435383797
-0.008537729270756245
-0.027149321511387825
-0.013808916322886944
0.010197949595749378
0.026257343590259552
0.10415847599506378
0.09069544076919556
-0.26234063506126404
0.11334069818258286
0.1574903130531311
-0.14206701517105103
-0.08768193423748016
-0.04614611715078354
-0.2649894058704376
-0.06056768074631691
0.05767988786101341
0.06844942271709442
-0.04245101287961006
0.17146508395671844
0.023263847455382347
0.20799070596694946
-0.2905694246292114
-0.3958919942378998
0.3731682300567627
-0.19715972244739532
0.010042569600045681
0.05369780957698822
-0.04921023175120354
-0.27787360548973083
-0.6970561742782593
-0.19031314551830292
-0.06581596285104752
0.11923639476299286
0.3319746255874634
-0.00786541122943163
0.07116267830133438
0.10565664619207382
-0.19478970766067505
-0.5594584345817566
-0.05561250075697899
0.0054231262765824795
0.0384027473628521
-0.05226516351103783
-0.013599144294857979
0.050373680889606476
-0.02983437106013298
-0.0006207528640516102
-0.0031906289514154196
0.011227150447666645
0.020575175061821938
-0.37450069189071655
0.37590453028678894
0.09757912158966064
-0.0700523629784584
0.47270911931991577
0.4530929923057556
-0.5280700325965881
-0.07798260450363159
-0.13129955530166626
-0.14422260224819183
0.44507068395614624
-0.4846166968345642
0.036537542939186096
0.19988314807415009
-0.3188791275024414
-0.16705554723739624
-0.021072516217827797
-0.03869747743010521
-0.3376835882663727
-0.09347710013389587
0.548660933971405
-0.6021932363510132
0.11886186897754669
0.9912610650062561
-0.4675740599632263
-0.19965608417987823