-0.20623207092285156
-0.5969375967979431
-0.6133708357810974
0.1986299753189087
0.2526439428329468
0.007485007401555777
0.3625318706035614
0.23951400816440582
0.3548651933670044
0.06705141067504883
-0.19724319875240326
-0.5259453058242798
-0.16006863117218018
0.2455395609140396
0.37099626660346985
0.2772807478904724
-0.0023067316506057978
0.2844159007072449
0.11738292127847672
-0.046336568892002106
-0.25868532061576843
-0.0222542192786932
0.2921766936779022
0.05481184646487236
-0.2131991982460022
0.3990250825881958
-0.14077860116958618
-0.015093959867954254
-0.04308483377099037
0.0014560752315446734
-0.03826047480106354
-0.049305640161037445
-0.011488099582493305
-0.023988721892237663
0.004054962191730738
0.04416725039482117
-0.6018788814544678
0.3090062737464905
0.13693898916244507
-0.007549010217189789
0.30168044567108154
0.11461644619703293
-0.023107847198843956
0.3199865221977234
0.3040154278278351
0.4482620656490326
0.3866836726665497
0.52439945936203
-0.041063182055950165
0.11203797161579132
0.05979510024189949
-0.1955574005842209
0.0886760801076889
-0.08603907376527786
-0.7166263461112976
-0.49076420068740845
-0.35593751072883606
-0.060225628316402435
0.11539921164512634
0.13014546036720276
0.33240777254104614
0.20574402809143066
0.44711530208587646
-0.2508240342140198
-0.08341371268033981
-0.0944100096821785
0.07740578055381775
0.10527049005031586
-0.03828641399741173
-0.028246277943253517
0.41165122389793396
0.3212480843067169
0.21215109527111053
0.011068310588598251
-0.010130294598639011
0.08592968434095383
0.0276121087372303
-0.07228048145771027
0.17666521668434143
0.1115240529179573
0.10277163237333298
0.03653116151690483
0.4932941794395447
-0.881893515586853
0.0096263587474823
-0.3389250636100769
-0.06258109956979752
0.1718171387910843
-0.2821681499481201
0.5430796146392822
-0.31026899814605713
0.033633213490247726
-0.07849240303039551
0.11807079613208771
-0.10476800799369812
0.0595397911965847
-0.10378453880548477
0.15310275554656982
0.06175263971090317
-0.5009158849716187
-0.8861892223358154
-0.7150273323059082
0.17276965081691742
0.10971640795469284
-0.025329722091555595
0.3110843598842621
0.3712814748287201
0.3598589599132538
0.09743300080299377
-0.34177136421203613
0.15085680782794952
-0.07430732995271683
0.08969351649284363
-0.13075178861618042
-0.07156259566545486
-0.15001578629016876
0.04391932114958763
0.23021920025348663
0.7789591550827026
0.5148143172264099
1.5193123817443848
0.45968031883239746
0.5628859400749207
0.48439502716064453
0.07343284040689468
0.06079575791954994
-0.4190506041049957
-0.10335303843021393
-0.33912113308906555
-0.14803466200828552
-0.4003515839576721
-0.3532291054725647
0.6009467244148254
0.43524646759033203
0.0752054825425148
0.9542543888092041
1.4099912643432617
1.4365793466567993
0.5239222049713135
1.307039499282837
0.5757429003715515
-0.49373942613601685
0.8082466125488281
0.3932759463787079
-1.0525500774383545
-0.6733980774879456
-0.5398110151290894
-0.09964008629322052
-0.02341761440038681
-0.6339511275291443
0.6092013716697693
0.7201340794563293
-0.22074592113494873
0.14493118226528168
0.721544086933136
0.36322838068008423
0.11117207258939743
0.6419984698295593
0.18670251965522766
0.21375200152397156
0.4515507221221924
-0.053021594882011414
-0.2010914534330368
0.05523039028048515
-0.010188148356974125
-0.13528749346733093
0.6412789225578308
0.2121659219264984
-0.11923640966415405
0.02221374399960041
-0.21523821353912354
-0.06784097850322723
0.07613375037908554
0.06209050491452217
0.07270973920822144
0.06655661761760712
-0.04413892701268196
0.04193379357457161
0.11905927956104279
0.110312320291996
-0.9837678074836731
-0.8127917647361755
-0.264333039522171
-0.040188126266002655
-0.1949348747730255
-0.7795817255973816
0.6015350818634033
0.5290259718894958
0.21971969306468964
-0.4843018651008606
-0.48235875368118286
0.27368277311325073
0.011844691820442677
-0.3933986723423004
-0.06562627106904984
0.7318825721740723
0.5700656771659851
0.24428057670593262
-1.081061601638794
-0.22354240715503693
-0.5758634209632874
-0.618071436882019
-0.3158131241798401
-0.4221474528312683
0.4013635516166687
0.20570488274097443
0.28967633843421936
0.00021067804482299834
-0.05620577931404114
-0.017993606626987457
-0.03965020179748535
0.0051424214616417885
0.0485028475522995
0.01366585586220026
0.03601033240556717
0.019827893003821373
-0.08120447397232056
0.3578929305076599
0.22982612252235413
0.19800813496112823
0.20090432465076447
0.08561472594738007
-0.1153462752699852
0.1465790718793869
-0.32370075583457947
0.03880289942026138
0.06647130846977234
0.12126636505126953
0.17020133137702942
0.2275502234697342
0.1836751252412796
-0.010724609717726707
0.30128157138824463
0.12627647817134857
-1.0483839511871338
-0.3577738404273987
0.023717761039733887
-0.5911720395088196
-0.2631436288356781
0.14178499579429626
-0.5684846639633179
0.02539798989892006
-0.5201535820960999
-0.2106100171804428
-0.6710085272789001
-0.4208489656448364
-0.2354319989681244
0.12915605306625366
0.030414346605539322
0.10438010841608047
0.3368980288505554
0.38206470012664795
-0.022261740639805794
-0.046888165175914764
0.05055801942944527
-0.027856124565005302
0.05989275872707367
0.042100634425878525
-0.003916172776371241
0.05364673584699631
-0.041889555752277374
0.1110803410410881
-0.5096540451049805
-0.7785007357597351
-0.21738548576831818
-0.1661672592163086
-0.4097423255443573
0.1300930380821228
-0.3153100907802582
0.1250884085893631
-0.6211187243461609
0.25597408413887024
-0.08729644119739532
-0.35398563742637634
0.18922118842601776
0.08432430028915405
-0.3429480493068695
0.6734409928321838
0.08853615075349808
-0.37811046838760376
-0.027559790760278702
-0.9094290137290955
-0.11673927307128906
-0.0421445406973362
-0.3906189799308777
0.25416266918182373
-0.05666140094399452
0.5042333006858826
0.07255461066961288
-0.2492881566286087
0.35939162969589233
-0.6813573837280273
-0.2978608310222626
0.2838069498538971
-0.43461373448371887
-0.6104986071586609
-0.5653122663497925
-0.21960553526878357
-0.30526116490364075
0.3731238842010498
0.14184924960136414
-0.14039650559425354
0.45993998646736145
-0.0888054370880127
-0.2789020836353302
0.009772581979632378
-0.40771347284317017
-0.6840378046035767
-0.22712528705596924
0.43254151940345764
-0.5576045513153076
0.07114847749471664
0.3035489320755005
-0.1517653912305832
0.44084063172340393
0.49490025639533997
0.05802001804113388
0.0378885343670845
0.03545765206217766
-0.019023112952709198
0.009637937881052494
-0.023201221600174904
0.032252635806798935
0.031287796795368195
0.022108424454927444
-0.2866092622280121
0.7083069682121277
-0.255976140499115
-0.033790215849876404
0.12834300100803375
-0.05231281742453575
-0.2047095149755478
0.2619643807411194
-0.15986789762973785
-0.277553915977478
0.002805225783959031
0.346813440322876
-0.14211584627628326
0.1209418848156929
0.306454598903656
0.32765302062034607
0.18141363561153412
0.13753654062747955
-0.08626845479011536
0.0557975172996521
0.4628756046295166
-0.5389346480369568
0.3603375256061554
0.5529429912567139
0.3938623368740082
0.9671284556388855
-0.13799571990966797
-0.10628795623779297
0.20385965704917908
-0.27397412061691284
-0.3119741380214691
0.0094295060262084
0.35454919934272766
-0.22199596464633942
-0.2986264228820801
0.0035778202582150698
0.1442226618528366
0.09064216166734695
0.13677552342414856
0.02418692782521248
-0.055454984307289124
0.14917826652526855
-0.16635239124298096
-0.15746021270751953
0.11978252232074738
-0.5985857844352722
0.4150060713291168
0.08783639222383499
-0.6864081025123596
0.4496002495288849
0.15103904902935028
-0.1960342526435852
0.09750118851661682
-0.4375911056995392
0.013624686747789383
0.27193570137023926
-0.14009176194667816
-0.35292670130729675
0.437459260225296
-0.1746920347213745
-0.008963176980614662
0.22158271074295044
0.026419902220368385
-0.06521950662136078
-0.0948319211602211
-0.6028448939323425
-0.15205317735671997
0.008283768780529499
-0.5817211270332336
-0.18814703822135925
-0.2637239992618561
-0.519948422908783
0.09034853428602219
0.08864220231771469
0.18273326754570007
-0.12841609120368958
-0.13464362919330597
-0.19757632911205292
-0.0448978953063488
-0.18837428092956543
0.12173513323068619
0.25193265080451965
-0.20623116195201874
0.5505074262619019
-0.0826219841837883
-0.16763953864574432
0.6492159366607666
0.26748552918434143
-0.3477039039134979
0.7869641780853271
0.3862225115299225
-0.1725545972585678
0.45349380373954773
0.33257952332496643
0.17237155139446259
0.2974943518638611
0.29150646924972534
0.696658194065094
-0.03860532492399216
-0.9325541853904724
-0.617120087146759
-0.49948829412460327
-0.5349411368370056
-0.12369292974472046
-0.22983449697494507
-0.23893138766288757
-0.5146059393882751
0.28507328033447266
0.41730964183807373
0.02666747011244297
0.4395262598991394
0.29340797662734985
0.7918095588684082
0.5361416935920715
-0.1819305121898651
0.5444270372390747
-0.21551181375980377
-0.30366262793540955
0.07630781829357147
0.18514253199100494
-0.08348183333873749
0.07203243672847748
0.08186350762844086
-0.011156424880027771
0.10887586325407028
0.0832124799489975
-0.1967257857322693
-0.12497403472661972
0.3820134699344635
0.041949886828660965
0.33167219161987305
0.7634070515632629
-0.44991159439086914
-0.08193650841712952
0.039517808705568314
-0.0204315185546875
0.16218756139278412
0.007800620049238205
0.03717169165611267
0.05214520916342735
0.0369807593524456
-0.09470347315073013
-0.2039155215024948
0.023761888965964317
0.3117828369140625
0.34804126620292664
0.36658042669296265
0.09412674605846405
0.47525548934936523
0.26087239384651184
-0.09102265536785126
0.4463961720466614
-0.5014958381652832
0.31782734394073486
-0.49245619773864746
0.1726432591676712
0.258987694978714
-0.668908953666687
-0.03599066287279129
0.528768002986908
0.6321408152580261
-0.6789548993110657
0.14541734755039215
-0.46523919701576233
0.5248090028762817
-0.1785661280155182
0.19879573583602905
0.09269051998853683
0.537872314453125
0.6262937188148499
-0.24168872833251953
0.055119600147008896
0.03003748320043087
-0.0019298410043120384
0.014711666852235794
0.003034495748579502
0.010056083090603352
0.01896759308874607
0.02408263273537159
-0.01771094836294651
-0.038664478808641434
0.10623829066753387
-0.14195071160793304
0.1407572478055954
0.011968595907092094
-0.12545280158519745
-0.09659438580274582
0.009002454578876495
-0.2622436583042145
-0.26642099022865295
-0.213070347905159
-0.012800133787095547
-0.01736033707857132
-0.037377577275037766
0.17480060458183289
0.09002132713794708
-0.0676855742931366
-0.1609424650669098
-0.21722137928009033
-0.25871387124061584
0.9343673586845398
0.18786528706550598
0.6157047748565674
0.8189684152603149
0.12629787623882294
0.2033204436302185
0.3693734109401703
-0.19653187692165375
-0.13901011645793915
-0.6027296781539917
-0.2888855040073395
0.19204740226268768
-0.7174378037452698
-0.8036430478096008
-0.4053816795349121
-0.36313363909721375
0.0017627006163820624
0.023309048265218735
-0.03915859013795853
0.034726180136203766
-0.04131640866398811
-0.05321793630719185
-0.03931710124015808
0.058353085070848465
0.04880412667989731
-0.4257234036922455
0.3727146089076996
-0.052772969007492065
-0.45287349820137024
0.22636590898036957
-0.14748133718967438
-0.1431841403245926
0.17708539962768555
-0.366110622882843
0.08481702953577042
0.257553368806839
0.16262319684028625
-0.004566239658743143
-0.2346128225326538
-0.1226254403591156
-0.5514717698097229
0.054655514657497406
0.0013546167174354196
-0.14164982736110687
0.7434935569763184
0.07824646681547165
-0.49851366877555847
-0.03550352528691292
0.42934322357177734
-0.04690852016210556
-0.1322169303894043
0.2810836732387543
-0.3063424825668335
-0.5043320655822754
-0.03794226795434952
0.07149617373943329
0.11712934076786041
0.09951930493116379
0.055237676948308945
0.5474603176116943
0.17705541849136353
0.029076550155878067
-0.9972234964370728
-1.213955283164978
-0.4697308838367462
-0.5170853137969971
-0.6325250864028931
-0.657442033290863
-0.1857556849718094
0.19836068153381348
-0.34846922755241394
0.17393815517425537
0.14464843273162842
0.3583044409751892
0.4303271174430847
0.1645185798406601
0.004708185791969299
0.40187889337539673
0.09240956604480743
0.07984723150730133
-0.024904713034629822
-0.008976534008979797
0.002944990061223507
0.03004399500787258
0.0019810283556580544
-0.006367777474224567
-0.02167372964322567
0.05124492570757866
0.02191135287284851
-0.2587074935436249
0.2261071503162384
-0.5822708606719971
-0.2711869180202484
0.033926721662282944
-0.2794538736343384
-0.02147500589489937
0.021512869745492935
0.11878157407045364
0.22805248200893402
-0.3507041335105896
0.24079976975917816
-0.08675196021795273
0.1497393250465393
-0.8591698408126831
-0.15277168154716492
0.1487358808517456
-0.3775363564491272
-0.35872235894203186
-0.025261010974645615
-0.09830661863088608
-0.10065436363220215
0.5061548352241516
-0.249498188495636
0.5202669501304626
0.4069910943508148
0.3628476858139038
-0.39978939294815063
-0.102243572473526
0.250202476978302
0.1647813767194748
0.08737912774085999
0.3520873188972473
-0.15392185747623444
0.2528672516345978
0.2308807373046875
-0.13571137189865112
0.11974484473466873
-0.004934437107294798
-0.25900474190711975
0.22027334570884705
0.0220801942050457
0.15340258181095123
0.23857949674129486
0.2311786264181137
-0.2634064257144928
0.01545701827853918
-0.08211230486631393
-0.8690102100372314
-0.6275873780250549
-0.9336199760437012
-0.034943822771310806
0.25072214007377625
0.05606803670525551
-0.4506289064884186
-0.6092197895050049
-0.2076195329427719
-0.393881618976593
-0.21887969970703125
0.4857885539531708
0.08803185820579529
0.028938859701156616
-0.11532105505466461
-0.22060565650463104
0.056774161756038666
0.3720434010028839
0.04832778498530388
-0.07025392353534698
0.04267140105366707
0.0026705809868872166
-0.08806096017360687
-0.1364353597164154
0.07364650815725327
0.07738184183835983
0.09286924451589584
0.01556147076189518
-0.10801319777965546
0.20455032587051392
0.18966494500637054
-0.04242849349975586
0.14380942285060883
0.49151796102523804
-0.12819893658161163
-0.177262544631958
0.5015307664871216
-0.3944217562675476
-0.5055564641952515
0.013812744989991188
0.4250679910182953
-0.34624797105789185
0.5302198529243469
0.3382454216480255
-0.25692325830459595
-0.7722318768501282
-0.07550221681594849
-0.09094373881816864
-0.5598534941673279
-0.5169159173965454
0.24990983307361603
0.6098955869674683
0.20529337227344513
0.7013015151023865
0.6359750628471375
0.013425278477370739
-0.3684435486793518
0.5467139482498169
0.6962965130805969
-0.3173694908618927
-0.07266675680875778
-0.11535156518220901
-0.23672246932983398
0.036282334476709366
-0.12869445979595184
0.13510270416736603
-0.14766930043697357
-0.9121452569961548
-0.11775816977024078
0.14343176782131195
-0.0023804272059351206
-0.09817611426115036
0.49481022357940674
0.6109955310821533
0.15772908926010132
-0.03353217989206314
0.058349352329969406
0.00013804117043036968
-0.2433622032403946
-0.33117860555648804
-0.03071935661137104
0.42770546674728394
0.588401734828949
0.439909428358078
0.7206876277923584
0.7474839091300964
1.0510413646697998
-0.055363018065690994
0.12816977500915527
0.09167784452438354
0.06050513684749603
0.11759212613105774
0.05185225233435631
-0.0065133655443787575
-0.2049456685781479
0.038663629442453384
0.11099694669246674
0.3338739573955536
0.003949752543121576
-0.10968895256519318
0.2887033522129059
0.2738606333732605
-0.3216620683670044
-0.6410531401634216
0.27476316690444946
1.1317604780197144
0.8461297750473022
0.8738610148429871
-0.8811835646629333
-0.08916208148002625
-0.3938569128513336
-0.3983787000179291
-0.06141979247331619
0.11977405101060867
0.720722496509552
0.6918692588806152
0.6660566926002502
-0.9889981746673584
0.2441510260105133
-0.5723130702972412
-0.7261487245559692
0.1736544668674469
0.6124750375747681
-0.014786308631300926
0.03806804493069649
0.04232682287693024
0.02370864897966385
0.027255341410636902
0.015273891389369965
0.028742162510752678
-0.024075789377093315
0.01701098121702671
0.4371911287307739
0.05363016948103905
-0.04730963706970215
0.39396828413009644
-0.054972995072603226
-0.21316847205162048
-0.10630607604980469
0.13066287338733673
0.1444062441587448
-0.007869086228311062
0.15446919202804565
-0.015370750799775124
0.03414376452565193
-0.1647322177886963
0.029035361483693123
0.08073996007442474
0.09539157897233963
0.1487644612789154
-0.1789090633392334
0.00465428689494729
-0.3921557366847992
0.5152509808540344
0.5781399607658386
0.4474988281726837
-0.28904977440834045
0.2660612463951111
0.14479604363441467
-0.38187018036842346
-0.11606927216053009
-0.10370884835720062
0.13292674720287323
0.0022438003215938807
-0.06732504814863205
0.4950352609157562
0.24696165323257446
0.21150225400924683
0.046905312687158585
-0.057993657886981964
0.003988953307271004
0.014432914555072784
-0.031183842569589615
-0.020418139174580574
0.050574891269207
-0.048280008137226105
-0.05098917335271835
-0.7599319815635681
-0.7744876146316528
0.10007546097040176
-0.014729988761246204
-0.012839517556130886
-0.49971768260002136
-0.31287938356399536
0.45385903120040894
0.5918129086494446
0.035705335438251495
-0.6395576000213623
0.0898725613951683
0.2738523483276367
0.705700695514679
0.09064460545778275
0.3142949342727661
0.5946669578552246
0.4436008036136627
-0.9482748508453369
-0.7842793464660645
-0.2807183861732483
-0.6651009917259216
-0.9370536208152771
-0.3891107439994812
-0.15142804384231567
0.051350612193346024
0.1494196057319641
-0.23897673189640045
-0.3890361189842224
-0.15302832424640656
-0.01819847896695137
-0.3211134970188141
0.14601248502731323
-0.2889850437641144
-0.38146764039993286
-0.4470560848712921
-0.6682365536689758
0.4399434030056
-0.11619594693183899
0.23213396966457367
0.3686448335647583
0.050049055367708206
0.045983508229255676
0.2559059262275696
0.09767726063728333
-0.5182719826698303
-0.39892587065696716
0.130359947681427
-0.2983182668685913
-0.2627907693386078
0.21151423454284668
-0.2281494438648224
-0.026102030649781227
0.020887089893221855
-0.30954644083976746
-0.02843094989657402
-0.026078088209033012
-0.03732184320688248
-0.05272522196173668
-0.05359840765595436
-0.046507760882377625
-0.036748871207237244
0.01426158007234335
0.04317845031619072
0.3099942207336426
0.07725982367992401
0.1577247679233551
0.5373263955116272
-0.22001661360263824
0.06616801023483276
0.20836716890335083
-0.3459286391735077
0.6193456053733826
-0.3294583559036255
-0.48728567361831665
-0.4234093725681305
-0.3785395920276642
-0.36109334230422974
0.17964215576648712
-0.30259114503860474
0.7354118824005127
0.2828676700592041
0.1387438327074051
0.08902368694543839
-0.20451925694942474
-0.37549540400505066
0.2730293273925781
-0.1686296910047531
-0.16798709332942963
-0.12390555441379547
-0.4090564250946045
-0.0916384607553482
0.0022165218833833933
-0.20156916975975037
0.0785655528306961
0.08214954286813736
-0.13354694843292236
-0.20955780148506165
-0.24442361295223236
-0.48462480306625366
0.0011769123375415802
0.06311607360839844
0.020934036001563072
-0.031323011964559555
-0.057856783270835876
0.06256036460399628
-0.043034616857767105
-0.07738901674747467
-0.007545262575149536
-0.019432611763477325
-0.2470962107181549
0.19912724196910858
-0.6646221876144409
-0.4450708329677582
0.03709498047828674
0.25002095103263855
-0.10307840257883072
0.6221595406532288
-0.0073245819658041
-0.21176187694072723
-0.20723462104797363
0.002940162317827344
0.07675838470458984
-0.3976219892501831
-0.7455202341079712
-0.28019794821739197
-0.12768018245697021
-0.19556501507759094
0.1363028585910797
0.30198511481285095
-0.19029037654399872
0.11089130491018295
0.18346524238586426
-0.1807994544506073
0.07065316289663315
-0.11955318599939346
0.3953001797199249
-0.08530934154987335
0.06576909869909286
-0.4175550937652588
-0.0989571362733841
-0.06515273451805115
-0.04283416271209717
0.0776120200753212
-0.028977468609809875
-0.3640654385089874
-0.6811559796333313
-0.5509169101715088
-0.8915173411369324
-0.7177843451499939
-0.20236624777317047
-0.09816112369298935
-0.8793232440948486
-0.23974564671516418
0.3687138855457306
0.7627066969871521
0.26951488852500916
0.14300283789634705
0.18984679877758026
0.25928667187690735
0.2988932430744171
0.5704542398452759
0.003248465247452259
-0.5103172659873962
-1.277141809463501
-0.9903439283370972
-0.36339637637138367
-0.605092465877533
-1.2915984392166138
-0.5499122142791748
-0.5375270247459412
-0.9403232932090759
0.18197791278362274
0.8422221541404724
0.388116717338562
-0.14184977114200592
0.15403729677200317
-0.4388056993484497
-0.6157338619232178
0.14053869247436523
-0.5908687114715576
0.13083449006080627
-0.007624450605362654
0.10052314400672913
-0.14232036471366882
-0.26216793060302734
0.18885231018066406
-0.1652754843235016
-0.14605598151683807
-0.246119886636734
-0.640775740146637
0.02407882735133171
0.07696235179901123
-0.3289875388145447
-0.17617762088775635
-0.006933100521564484
-0.26550158858299255
-0.12658476829528809
-0.06230461224913597
-0.03394597768783569
0.12550891935825348
0.10609494149684906
0.07660079002380371
0.2422039806842804
0.12146925181150436
0.11195831745862961
0.058266863226890564
0.06161874905228615
0.44978195428848267
0.700615644454956
-0.0014055502833798528
-0.30147072672843933
0.4356098175048828
-0.5668423175811768
-0.3252217769622803
0.2147592306137085
-0.3405054807662964
-0.24701689183712006
0.5458155870437622
-0.7896612882614136
-0.24296675622463226
-0.09906502068042755
-0.483425498008728
1.0673190355300903
0.8731243014335632
-0.5059852600097656
-0.30173808336257935
-0.3769811689853668
0.04354432597756386
-0.7350925803184509
0.014984305016696453
0.20990347862243652
0.28536590933799744
-0.16653624176979065
0.25308072566986084
0.03767469525337219
0.01906844973564148
0.007264500949531794
0.03393126279115677
0.009194784797728062
0.013676638714969158
-0.015911264345049858
-0.05660028010606766
-0.007698677014559507
0.16303591430187225
0.09888451546430588
-0.09368570148944855
0.014877594076097012
0.06912125647068024
-0.23034043610095978
0.19942940771579742
-0.023946570232510567
0.030966857448220253
-0.007820920087397099
0.034968312829732895
-0.026986414566636086
-0.03214516490697861
-0.04874492436647415
-0.12936951220035553
-0.07203707844018936
0.18883845210075378
0.04465019330382347
-0.015042833983898163
0.585789144039154
-0.4668419361114502
-0.17753078043460846
-0.08635459840297699
-0.24942198395729065
-0.32162532210350037
0.5021487474441528
-0.5983179211616516
-0.4103415012359619
-0.00823640264570713
-0.15694262087345123
-0.22395409643650055
-0.0475955456495285
-0.011892730370163918
-0.37880557775497437
-0.5500378608703613
-0.47818854451179504
0.10338011384010315
0.05002530291676521
0.08317748457193375
-0.004836449399590492
0.026519281789660454
0.046526312828063965
0.012328676879405975
0.021614329889416695
0.05600067973136902
-0.1420275717973709
-0.1943269670009613
0.2238789200782776
0.1468658298254013
-0.07023191452026367
0.054982125759124756
0.10786202549934387
-0.039678312838077545
0.12454801797866821
0.05811648815870285
-0.3188484013080597
-0.5112478733062744
-0.30420637130737305
-0.1716010868549347
-0.8300820589065552
-0.11644788086414337
-0.05482250452041626
-0.3753078877925873
0.27843335270881653
-0.5028565526008606
0.35196006298065186
-0.47726160287857056
0.0373438335955143
0.32223644852638245
0.31751057505607605
0.08013363182544708
0.4588254392147064
-0.12870916724205017