-0.328341543674469
0.023099327459931374
0.09775970876216888
-0.3278617858886719
-0.10397839546203613
0.011661436408758163
-0.8562983274459839
-0.1296500712633133
0.051457516849040985
-0.8632754683494568
0.1996392458677292
0.9964313507080078
-0.23586228489875793
-0.46591269969940186
0.8600409030914307
-0.8243973851203918
-0.2534603476524353
0.14235320687294006
0.14299607276916504
0.11648426949977875
0.02041536569595337
0.23807862401008606
-0.4049055874347687
0.048671528697013855
0.4374626874923706
-0.21017776429653168
-0.15195241570472717
0.012188876047730446
0.023534519597887993
-0.03951916843652725
-0.03572964668273926
0.044179126620292664
0.03293418139219284
-0.0424867682158947
0.00523002352565527
-0.022456100210547447
0.27206501364707947
0.016351761296391487
-0.4462220370769501
0.5071471929550171
0.31925758719444275
0.03222358226776123
0.40712305903434753
-0.04886001721024513
-0.0900702178478241
0.28724732995033264
0.47824206948280334
0.14678780734539032
-0.7656821608543396
0.16923701763153076
-0.3527846932411194
-0.272113561630249
-1.3253446817398071
-0.08030740171670914
0.071673184633255
-0.21204349398612976
0.15886244177818298
0.021217381581664085
0.4010957181453705
-0.3724581003189087
-0.2652672827243805
-0.3728608787059784
0.07248681783676147
0.31146639585494995
0.18785323202610016
0.12719199061393738
-0.06098979711532593
0.19694757461547852
0.697176456451416
-0.2026929259300232
-0.3218303620815277
-0.449834406375885
-0.002166316146031022
0.08860396593809128
-0.049957577139139175
0.11454091221094131
0.07163073122501373
-0.022516312077641487
-0.03516249731183052
-0.13728566467761993
-0.18894684314727783
-0.1284720003604889
-0.05075323209166527
0.39688748121261597
-0.16053234040737152
-0.15648700296878815
0.4552227854728699
-0.7367163896560669
0.3058706820011139
0.34882187843322754
0.37029382586479187
0.4556052088737488
-0.10666687041521072
0.1942821890115738
0.304433137178421
-0.3399182856082916
-0.2218855619430542
-0.25647127628326416
-0.16621734201908112
0.014342044480144978
0.19875720143318176
0.23496678471565247
-0.0582367368042469
0.2588121294975281
0.0980352833867073
-0.028074651956558228
0.12334640324115753
-0.05890502408146858
0.021280845627188683
0.013909525237977505
0.006508243270218372
0.0071075777523219585
0.13040152192115784
0.07759200036525726
0.1012406274676323
0.26927894353866577
-0.15837040543556213
-0.11507333070039749
-0.7591568827629089
-0.3629686236381531
-0.8450062274932861
-0.5978240370750427
-0.30911993980407715
-0.04528069496154785
-0.2993098199367523
-0.7708770632743835
1.0218168497085571
0.25467449426651
0.22922703623771667
0.3999832272529602
-0.1027853935956955
-0.29184630513191223
-0.46629366278648376
-0.3789471983909607
-0.6589585542678833
0.28664928674697876
-0.5135610103607178
0.019690198823809624
-0.2320782095193863
-0.5521025657653809
-0.6834282279014587
0.18046587705612183
-0.885920524597168
-1.124782919883728
0.34697532653808594
0.49977803230285645
-0.9739615321159363
0.46550455689430237
0.22296693921089172
-0.4837701618671417
0.019992487505078316
0.06417826563119888
-0.6977928876876831
0.06273136287927628
-0.00425092363730073
-0.40443119406700134
-0.018025308847427368
0.10314983874559402
-0.13607189059257507
0.1321030706167221
-0.019824977964162827
-0.13979288935661316
0.0440971776843071
0.34106457233428955
0.1438238024711609
-0.2895894944667816
0.0460224375128746
-0.28066813945770264
-0.8580299019813538
-0.09437746554613113
-0.7441571354866028
-0.018755046650767326
0.14648428559303284
-0.009755297563970089
0.1452561467885971
0.028986074030399323
0.028399597853422165
-0.1302654892206192
0.08996584266424179
0.04657021909952164
0.25468772649765015
0.19599713385105133
-0.7930446267127991
0.38552138209342957
-0.08858390897512436
-1.0256216526031494
0.3175562024116516
-0.5109829306602478
-0.785661518573761
0.4933653473854065
-0.026919083669781685
-0.11491148918867111
-0.04493153467774391
-0.025518406182527542
-0.2030961662530899
-0.054940566420555115
-0.24445952475070953
-0.15243807435035706
0.5733838081359863
0.3625359833240509
0.24143387377262115
-0.4758438169956207
-0.6182399988174438
0.09263593703508377
-0.8787773847579956
-0.382451593875885
0.32471519708633423
-0.04820968583226204
0.04395994916558266
0.016265220940113068
0.057734545320272446
0.03869655355811119
-0.01871589757502079
-0.048000216484069824
-0.027603713795542717
0.051827579736709595
-0.0036340001970529556
0.07319562137126923
-0.21849967539310455
0.5465407371520996
0.34411734342575073
0.30358484387397766
-0.09224314242601395
-0.08513570576906204
0.13615696132183075
-0.08711401373147964
-0.0334426686167717
-0.19751489162445068
0.00462470343336463
-0.12022826075553894
0.035185109823942184
-0.02189699374139309
0.030970389023423195
-0.0883001834154129
0.1603155881166458
-0.08680791407823563
-0.5688942074775696
0.5161507725715637
-0.16631552577018738
-0.1328863799571991
0.07456882297992706
-0.13509118556976318
-0.08494067937135696
-0.20476920902729034
0.4314146935939789
0.18777865171432495
-0.3387832045555115
0.20768094062805176
0.21974198520183563
-0.5842475891113281
-0.09868223965167999
-0.16659291088581085
0.09044935554265976
-0.05210552364587784
0.010585067793726921
-0.04105544090270996
-0.02606986276805401
0.06554576009511948
-0.053433436900377274
0.05523709952831268
0.028444794937968254
-0.7293357849121094
-0.060919854789972305
0.4753941297531128
-1.284183382987976
-0.928229033946991
0.3876959979534149
-0.47390660643577576
-0.6444183588027954
0.3680137097835541
-0.3212638795375824
-0.2106294184923172
-0.2745862603187561
-0.689233124256134
0.017465800046920776
-0.39160916209220886
-0.21203090250492096
0.2678845524787903
-0.3009381592273712
-0.32569509744644165
-0.3281198740005493
0.05365070700645447
-0.26868659257888794
-0.5424026250839233
0.05777319520711899
0.1509004384279251
0.023697445169091225
0.1976216733455658
-0.15214204788208008
0.08265230804681778
-0.06071449816226959
0.17783549427986145
0.1685745269060135
0.07163117825984955
0.1901853233575821
0.051635611802339554
0.08946707099676132
-0.05258072540163994
-0.3570675253868103
-0.38157227635383606
0.49199169874191284
-0.10392247140407562
0.01445837877690792
0.555098295211792
-0.2607461214065552
0.04261719807982445
0.22041215002536774
0.08747651427984238
0.19639572501182556
0.04706849157810211
0.08850382268428802
0.17606326937675476
0.2750813364982605
0.22398854792118073
-0.10702145844697952
0.11564790457487106
0.049692727625370026
0.010225317440927029
-0.0033055352978408337
0.04048127681016922
0.029119687154889107
0.0467488132417202
0.020532412454485893
-0.03794600069522858
0.03345021232962608
0.26000145077705383
0.19327369332313538
-0.1126018837094307
-0.2599954903125763
-0.3425102233886719
-0.05403050780296326
-0.4118852913379669
0.07335613667964935
0.44166526198387146
-0.2782692611217499
-0.7801844477653503
-0.5298274755477905
-0.12083683907985687
-0.04228018969297409
0.30053502321243286
-0.07175014913082123
0.19782787561416626
-0.0018760490929707885
-0.25616252422332764
-0.17890499532222748
-0.28908127546310425
-0.40723487734794617
0.2552315890789032
0.6478086113929749
0.23218363523483276
-0.4012327194213867
0.04375186935067177
0.09136774390935898
0.45830440521240234
0.3864762485027313
0.2234252542257309
-0.11097891628742218
0.14719577133655548
0.06917662918567657
-0.1480609029531479
-0.10419245064258575
0.012440227903425694
-0.0789879858493805
0.007217923179268837
-0.04815409332513809
-0.12339332699775696
-0.015915678814053535
0.019196873530745506
-0.14290030300617218
-0.1467612385749817
-0.9672991633415222
-0.06528519093990326
-0.03652631863951683
-0.029599200934171677
0.2990748882293701
0.5155348777770996
0.13875272870063782
-0.06087856367230415
0.27806201577186584
-0.03546319529414177
0.23978011310100555
0.11770576238632202
-0.13918234407901764
0.2992565929889679
-0.15510040521621704
0.10776052623987198
0.24008065462112427
-0.11300890892744064
0.10462591052055359
0.010205237194895744
0.07154794037342072
0.1514815241098404
0.05013970285654068
-0.007223478984087706
0.02959715761244297
-0.013061677105724812
-0.07105892896652222
0.03986038640141487
-0.02303893119096756
-0.1005910336971283
0.0016561334487050772
-0.0031669805757701397
-0.006330484990030527
0.0744115486741066
-0.026052381843328476
0.13824982941150665
-0.6650951504707336
-0.37464383244514465
-0.9127174019813538
0.09110824763774872
-0.20510759949684143
-0.6734414100646973
0.3268137574195862
0.2895589768886566
-0.2874588370323181
-0.4787394404411316
-0.7433342933654785
-0.10833791643381119
-0.627973198890686
-0.08915235847234726
-0.33089199662208557
-0.5439296364784241
0.02312551625072956
0.06499537080526352
-0.22577965259552002
-0.4451964199542999
-0.28197675943374634
0.24867966771125793
-0.17017923295497894
-0.1544591188430786
0.056264281272888184
0.20478013157844543
-0.7074087262153625
-1.3229848146438599
-0.25814881920814514
-0.08572143316268921
-1.0109617710113525
-0.508057713508606
-0.52386474609375
-0.9418036341667175
-0.1814548820257187
0.0558609738945961
0.2774592339992523
-0.13674770295619965
-0.3193686008453369
0.21151265501976013
-0.10531565546989441
0.20808976888656616
0.33361655473709106
0.11717638373374939
-0.49083957076072693
0.3683909773826599
0.4218423068523407
0.08756919205188751
0.505290150642395
0.39666953682899475
0.20922908186912537
0.3076084554195404
0.3861749768257141
0.16686700284481049
-0.07373593747615814
0.11448067426681519
0.002351196715608239
-2.795232467178721e-05
-0.040264591574668884
0.07859327644109726
0.03755347803235054
0.01653217151761055
0.1473851352930069
-1.8062723875045776
-1.0582735538482666
-0.5827246904373169
-1.2842087745666504
-0.8562836647033691
-0.5086995363235474
-1.381714105606079
-0.45964667201042175
0.3917492628097534
-1.1241971254348755
-0.8952909111976624
-0.43308061361312866
-0.15484102070331573
-0.001543723396025598
0.18765698373317719
-0.8299850225448608
-0.09482075273990631
-0.0658135786652565
0.19655467569828033
-0.34942883253097534
0.25015074014663696
0.34061673283576965
0.23811125755310059
0.6128108501434326
-0.3032921552658081
-0.17446675896644592
-0.17944012582302094
0.054929304867982864
0.01138631533831358
0.03492971509695053
-0.035287365317344666
0.04933813959360123
0.04877593740820885
-0.04089472070336342
-0.021774467080831528
0.036340318620204926
-0.10329286754131317
0.10229719430208206
0.013387586921453476
-0.38900238275527954
-0.2511875033378601
-0.260755330324173
-0.1502171754837036
-0.14933763444423676
-0.5883289575576782
0.3824306130409241
-0.2165745496749878
0.02236185222864151
0.028537718579173088
-0.12727351486682892
-0.15809206664562225
0.07422613352537155
0.08007444441318512
0.03316667675971985
-0.2139732986688614
-0.11317175626754761
0.20691640675067902
-0.8103994727134705
-0.5109735727310181
-0.22236162424087524
-0.6925782561302185
-0.3427371382713318
-0.05841090530157089
0.404634028673172
0.5529991984367371
0.5201011896133423
0.18716198205947876
0.2367461770772934
0.2696990668773651
0.0688319131731987
0.15147045254707336
0.15081731975078583
0.08427418768405914
-0.04097369685769081
0.092769093811512
-0.0014533005887642503
-0.006407381501048803
-0.04999808967113495
-0.019448228180408478
0.027015546336770058
-0.05464789271354675
-0.5642815232276917
-0.28254470229148865
0.06645457446575165
-0.5008240342140198
-0.7027352452278137
0.5680287480354309
-0.33086827397346497
-0.08278432488441467
0.5194730758666992
-0.4854963421821594
-0.0804457738995552
-0.20395289361476898
0.01456872932612896
-0.0740254670381546
0.06290235370397568
-0.06375715136528015
0.11796727031469345
0.12052705138921738
-1.3828896284103394
-0.9919658303260803
-0.4327804744243622
-0.9504634737968445
-0.4996158480644226
0.2747209072113037
0.3422483801841736
-0.011072341352701187
0.3202294707298279
-0.23048368096351624
-0.12964676320552826
-0.11835449188947678
-0.154984712600708
-0.19978411495685577
0.027843838557600975
-0.3586130738258362
-0.17386281490325928
0.25337666273117065
-0.4525822699069977
0.3347751498222351
0.25406613945961
-0.028937557712197304
-0.28236597776412964
0.2876381576061249
-0.8566600680351257
-0.510452926158905
0.6174697279930115
-0.38147100806236267
0.2737587094306946
0.09734480828046799
0.010234332643449306
0.3074325621128082
0.3212115168571472
0.2929036319255829
-0.00871013943105936
0.2424568086862564
0.24270106852054596
-0.007413995917886496
0.021642252802848816
-0.03635222464799881
-0.029699163511395454
-0.022180432453751564
0.046097323298454285
-0.0009760929387994111
0.044410064816474915
0.04431094229221344
-0.12833599746227264
0.15791650116443634
-0.14892420172691345
0.12690071761608124
0.39131349325180054
-0.4799538850784302
0.33016714453697205
0.3431210219860077
-0.17361104488372803
-0.9930153489112854
-0.19396023452281952
0.10339817404747009
-0.1203964576125145
0.06680944561958313
-0.26836851239204407
-0.050599779933691025
-0.12381543964147568
-0.2565230131149292
0.09490332007408142
-0.37707170844078064
-0.7042921781539917
0.10799205303192139
-0.48182520270347595
-0.27106112241744995
-0.20385640859603882
-0.4476730227470398
0.1974949687719345
0.23935845494270325
-0.03240916132926941
0.12405385076999664
-0.41966161131858826
-0.16890619695186615
-0.2761039435863495
-0.2437230944633484
-0.10763273388147354
-0.13371235132217407
0.07263952493667603
0.05588826909661293
0.05707922950387001
0.0815744400024414
0.049720436334609985
-0.1338479220867157
-0.058437496423721313
-0.024186618626117706
-0.07425493746995926
-0.5501482486724854
0.9799385666847229
-0.2051563560962677
-0.7701607346534729
0.4811672270298004
0.3359427750110626
-0.2415395826101303
-0.05964336916804314
0.03534339740872383
-0.016717083752155304
-0.4231683611869812
0.04966636374592781
-0.15159735083580017
-0.4155130684375763
-0.14148332178592682
0.1525193750858307
0.04880326986312866
0.24043573439121246
-0.08567715436220169
-0.0777469277381897
-0.9999703764915466
-0.23587195575237274
-0.20937740802764893
-0.4941288232803345
-0.26523664593696594
-0.15011419355869293
-0.7508765459060669
-0.0014031775062903762
-0.24337689578533173
-0.048777833580970764
-0.22689189016819
-0.033322229981422424
-0.04681164771318436
0.2815527617931366
-0.15326204895973206
0.10953199118375778
-0.9365674257278442
0.19029581546783447
0.38520553708076477
-0.8984292149543762
0.8527119159698486
0.6005973219871521
-0.9391975402832031
0.6406082510948181
0.15596188604831696
0.4109271764755249
-0.31706464290618896
0.280274361371994
-0.24755394458770752
-0.17652800679206848
0.23846805095672607
-0.34812241792678833
-0.2733016610145569
-0.2979120910167694
-1.0009630918502808
-0.5113416314125061
0.30282363295555115
-0.21883165836334229
-0.7053087949752808
0.0014671608805656433
-0.6541031002998352
0.17705470323562622
0.19045712053775787
0.6664101481437683
0.03409481421113014
0.3913653492927551
-0.02299271710216999
-0.367572546005249
0.4428121745586395
0.013332412578165531
-0.07490555197000504
0.44193631410598755
0.05839797854423523
-0.3108890652656555
-0.008597414940595627
0.12719224393367767
-0.40056177973747253
-0.31357428431510925
-0.3361879587173462
-0.18428263068199158
-0.11603350937366486
-0.015794720500707626
-0.27234703302383423
0.08328802138566971
0.07062340527772903
0.4169103503227234
0.052791498601436615
0.1032901182770729
0.37418121099472046
0.28669625520706177
-0.09959512948989868
-0.04020380601286888
0.07029970735311508
0.07988657057285309
-0.042764779180288315
0.10425996035337448
-0.01218282338231802
-0.14322036504745483
-0.07737216353416443
0.8339636325836182
0.006522929295897484
0.08108623325824738
0.3844238221645355
0.0025962137151509523
0.5121405720710754
-0.03233979269862175
-0.12277012318372726
0.3081376850605011
0.1559491604566574
-0.5068643093109131
0.6880292892456055
-0.04823720082640648
-0.2544596493244171
0.8598174452781677
-0.1216607540845871
-0.20686043798923492
0.01716126874089241
-0.03948607295751572
0.12467843294143677
0.17978638410568237
-0.49271586537361145
-0.34188583493232727
-0.026756033301353455
-0.3366692364215851
-0.1785929948091507
0.07711799442768097
-0.02405698597431183
0.03296710178256035
-0.03241109475493431
0.014953729696571827
-0.031225821003317833
0.04361577332019806
-0.0067353262566030025
-0.015921836718916893
-0.036163147538900375
-0.4972422122955322
-0.1261230856180191
0.3005931079387665
-0.16412486135959625
-0.3854297697544098
-0.3259073495864868
0.19589164853096008
-0.10940492153167725
-0.28473830223083496
-0.02924341894686222
0.057520147413015366
0.09880708903074265
-0.11536749452352524
0.010403004474937916
0.059513140469789505
0.07595844566822052
-0.017780795693397522
0.17569825053215027
0.5698068141937256
0.06805732846260071
0.4611200988292694
0.3318692147731781
0.38716238737106323
0.3642406761646271
-0.07710188627243042
0.42602136731147766
0.43797174096107483
-0.4322206974029541
-0.24974605441093445
-0.6276247501373291
-0.37956729531288147
-0.3486189842224121
-0.5533936619758606
-0.16185207664966583
-0.32836902141571045
-0.4024616777896881
-0.03172842785716057
-0.004860421176999807
0.037709444761276245
0.0415738970041275
-0.07762555778026581
-0.02420041896402836
0.04319947957992554
-0.010256070643663406
0.0574859119951725
-0.26150137186050415
0.2887168526649475
-0.15711641311645508
-0.48799633979797363
0.48791205883026123
-0.1428573727607727
-0.61981201171875
0.2717563211917877
-0.009351284243166447
-0.05224455147981644
-0.442611426115036
-0.5258194208145142
-0.10172001272439957
-0.17513002455234528
-0.2402111440896988
-0.4990120530128479
-0.1283910721540451
-0.1445803940296173
-0.5354187488555908
0.16441510617733002
-0.053280167281627655
-1.3877995014190674
0.09205134958028793
0.02032814919948578
-0.5762653350830078
-0.033395636826753616
0.2827368974685669
-0.5537381172180176
-0.19833113253116608
-0.14430546760559082
-0.24088826775550842
-0.19953343272209167
0.11566804349422455
-0.016015615314245224
-0.18285870552062988
0.13510572910308838
0.09547640383243561
-0.3160400390625
-0.7702688574790955
-0.1685289442539215
0.20881155133247375
0.1777687668800354
0.08931463211774826
0.08322390168905258
0.8394245505332947
0.07380283623933792
-0.2874907851219177
-0.6226041316986084
0.16819801926612854
-0.23939110338687897
0.04530685022473335
0.12990079820156097
0.4077349007129669
-0.07652352750301361
-0.10166347026824951
-0.058616671711206436
-0.047295570373535156
0.055298302322626114
0.026421591639518738
0.05767098069190979
0.011666156351566315
0.04301239177584648
0.01690705306828022
-0.04659588262438774
-0.21020066738128662
-0.22710563242435455
0.42328229546546936
0.16948355734348297
-0.12282289564609528
0.03811286389827728
0.1462407261133194
-0.13716530799865723
0.04045439511537552
0.15137110650539398
0.2289123237133026
0.6034036874771118
-0.02636456862092018
0.0642586350440979
-0.02858046256005764
-0.06609615683555603
-0.47644856572151184
0.46841564774513245
0.16850382089614868
0.3548305630683899
0.057293061167001724
0.1526767462491989
0.46325358748435974
0.2523720860481262
-0.18053634464740753
0.3632432222366333
0.44553834199905396
-0.23443953692913055
-0.05672451853752136
-0.10964849591255188
0.06080159172415733
-0.16750529408454895
0.2579675316810608
-0.060114048421382904
0.05998894199728966
0.2662254869937897
-0.10285591334104538
0.01370058860629797
-0.09137441962957382
0.06709069013595581
-0.06894262135028839
-0.10107523947954178
-0.0054184147156775
-0.1472734659910202
0.05227990075945854
-0.46357738971710205
-1.090972661972046
-0.09180701524019241
0.06352623552083969
-0.5436429977416992
-0.22803179919719696
-0.8838462233543396
0.5130172967910767
0.2405514419078827
0.3762540817260742
0.13295701146125793
-0.12156205624341965
-0.09908784925937653
0.2193245142698288
-0.06301356852054596
0.12078456580638885
0.16650764644145966
0.06505057960748672
-0.43126505613327026
-0.5281298756599426
-0.14777041971683502
-0.36750054359436035
-0.4234425723552704
-0.20319046080112457
-0.46134698390960693
-0.5112470388412476
-0.11179202049970627
-0.0020008503925055265
-0.017265833914279938
0.26267382502555847
0.02428559586405754
0.05103377625346184
0.02633165940642357
0.1293431967496872
0.053127165883779526
-0.00749531015753746
0.05092213302850723
-0.20221856236457825
-1.1384789943695068
0.23146820068359375
-0.23847149312496185
-0.22519943118095398
-0.5515590906143188
-0.15652461349964142
-0.3901229500770569
-0.9520711302757263
-0.19769158959388733
-0.02780175395309925
0.35668227076530457
0.6992656588554382
0.4409824013710022
0.06735073029994965
0.22500070929527283
0.7284466624259949
-0.03190763294696808
-0.1356116533279419
-0.47295859456062317
-0.10348662734031677
0.19994698464870453
0.33770808577537537
-0.21434155106544495
-0.23381637036800385
0.22135229408740997
-0.03791717439889908
-0.4239633083343506
-0.78292316198349
0.4710628390312195
0.12188389152288437
0.19006182253360748
0.2088777720928192
0.23841123282909393
0.6814455986022949
-0.25861063599586487
0.0012173664290457964
-0.2040402740240097
-0.15356384217739105
-0.2489628791809082
0.10065851360559464
-0.22687587141990662
0.09707725048065186
0.12855254113674164
0.23837779462337494
0.38777655363082886
0.08713901042938232
0.11652154475450516
0.3051759898662567
-0.4076218008995056
0.23535341024398804
-0.2379359006881714
-0.5775920152664185
-0.036749739199876785
0.0596810057759285
0.03294134512543678
-0.01801871508359909
-0.06421290338039398
-0.002420433098450303
-0.0366356335580349
-0.08134588599205017
0.029413977637887
0.01206088438630104
-0.5212368965148926
-0.857243001461029
0.5793681740760803
0.3132876753807068
0.38524937629699707
0.20770718157291412
-0.18067732453346252
0.5340796709060669
-0.6021216511726379
-0.812651515007019
0.029052920639514923
-0.1858302801847458
-0.43587443232536316
-0.05204273387789726
-0.2602887451648712
-0.8089600205421448
0.5675395727157593
-0.5180171728134155
-0.29675421118736267
0.25110894441604614
0.49296656250953674
0.26673346757888794
-0.008165768347680569
-0.6570048928260803
-0.3573983609676361
0.7938732504844666
-0.03980410844087601
-0.05659014359116554
-0.006765685975551605
-0.037411171942949295
-0.014235954731702805
-0.04738922044634819
-0.039289820939302444
-0.02545849420130253
0.0362309068441391
0.039679307490587234
0.1562185287475586
-0.11652015149593353
-0.07074622809886932
-0.3707364499568939
0.17755623161792755
0.011758899316191673
-0.1697583794593811
-0.01249499712139368
0.08276031166315079
0.3560299873352051
0.15426605939865112
0.0144939124584198
0.04093853756785393
-0.07301482558250427
-0.1408282369375229
-0.026572227478027344
0.018388519063591957
-0.23723557591438293
-0.8684578537940979
-0.3031140863895416
-0.20932722091674805
-0.07897286117076874
-0.09240444004535675
0.39906930923461914
-0.05839803069829941
0.39202389121055603
-0.02953462302684784
-0.10665838420391083
0.0520862452685833
0.05114123597741127
0.11386652290821075
-0.16029681265354156
-0.10437875241041183
-0.053002677857875824
-0.23422980308532715
-0.042973488569259644
0.0944288820028305
-0.04437418282032013
0.03138373792171478
0.0452946200966835
0.0020079882815480232
0.007125346455723047
-0.051367320120334625
0.03297578543424606
-0.15262959897518158
-0.1019992083311081
-0.10064110904932022
0.42079704999923706
0.245225191116333
0.15800906717777252
0.036993443965911865
0.636884331703186
0.10574357956647873
0.11467240750789642
0.3426758944988251
0.1783982813358307
-0.16900841891765594
1.200979471206665
0.11469626426696777
-0.2945862412452698
0.14304997026920319
-0.12689697742462158
-0.6388193368911743
-0.955734133720398
0.23699447512626648
0.22717402875423431
-0.19208170473575592
0.07791010290384293
0.17684240639209747
0.222212553024292
0.6329279541969299
-0.4803294837474823