-1.0671238899230957
0.09873926639556885
0.1127336397767067
-0.7243648767471313
0.12406044453382492
0.09045162796974182
-0.23766446113586426
-0.31161484122276306
0.38078776001930237
-0.058226924389600754
0.0009955998975783587
0.0570913627743721
0.04782962054014206
0.005766826681792736
0.047704797238111496
0.011948694474995136
0.0020178365521132946
-0.01281940657645464
-0.8197613954544067
-0.17108458280563354
0.12554115056991577
-0.8974785804748535
-0.1745901256799698
0.1749567985534668
-0.46731024980545044
0.03157850354909897
0.13787363469600677
-0.7371953725814819
0.024770403280854225
0.06312839686870575
-0.5748868584632874
-0.05594826862215996
0.07414131611585617
-0.13079598546028137
0.3255773186683655
0.17237497866153717
-0.10925958305597305
-0.11710233241319656
-0.3720334768295288
0.7063835263252258
0.14062318205833435
-0.06837763637304306
0.026477277278900146
0.47326821088790894
0.07440713793039322
-0.6634358763694763
-0.479868084192276
-0.43821555376052856
-0.06561917811632156
-0.39569684863090515
-0.693207859992981
-0.32597023248672485
-0.5031275749206543
-0.09891176223754883
-0.24503526091575623
0.39470624923706055
0.454895943403244
0.07136213034391403
0.16202808916568756
0.30426520109176636
0.14843688905239105
0.31750592589378357
0.38020646572113037
-0.30256715416908264
0.07342836260795593
0.21147677302360535
-0.022164979949593544
0.024760451167821884
-0.011473849415779114
0.19575271010398865
-0.14700216054916382
0.11993664503097534
-0.626961886882782
-0.2992413341999054
-0.19130392372608185
-0.20964981615543365
-0.20741310715675354
-0.2466495931148529
-0.15623588860034943
-0.01132484432309866
-0.16172319650650024
-0.2984895408153534
-0.08185552805662155
0.17288365960121155
0.2634987235069275
0.1925935447216034
-0.06593790650367737
0.1378369927406311
0.04038054123520851
0.027021076530218124
0.13731998205184937
0.1268981397151947
0.3317713141441345
0.20925913751125336
0.3239714503288269
0.3443112075328827
0.3186810612678528
0.3114575445652008
0.39358940720558167
0.050512753427028656
0.04318125918507576
0.027356712147593498
0.033668890595436096
-0.030214674770832062
0.03305960074067116
-0.006794079206883907
0.053805481642484665
0.04611248895525932
-0.09398224949836731
0.34471458196640015
0.3184899091720581
0.1340513974428177
0.16439016163349152
-0.01633257232606411
-0.04923054948449135
0.2181713730096817
0.2450975775718689
-0.0704168975353241
-0.013666215352714062
-0.047447141259908676
-0.14518986642360687
-0.053875938057899475
0.050035666674375534
0.01913110725581646
-0.03836168721318245
0.1186479926109314
-0.027090154588222504
-0.057032302021980286
-0.010810484178364277
-0.0554964616894722
0.005358838476240635
0.04927752539515495
-0.00039644731441512704
-0.03995644301176071
0.039272427558898926
-0.1987568736076355
0.17240440845489502
0.4148399233818054
-0.033314261585474014
0.3603247404098511
0.4129446744918823
0.04648885503411293
0.24773479998111725
0.319626122713089
0.03159971162676811
0.007311663590371609
0.010171657428145409
-0.017717206850647926
0.050490472465753555
0.054970722645521164
-0.02369968593120575
0.028682468459010124
0.036538172513246536
0.3321795165538788
0.03765309602022171
0.11204902827739716
-0.03586367890238762
0.24920012056827545
0.10146395117044449
0.08307091146707535
0.19762007892131805
-0.0009734004270285368
0.039486877620220184
0.05045045167207718
-0.042236123234033585
0.009308426640927792
0.04064331576228142
-0.053468938916921616
0.007380489259958267
0.006674360949546099
-0.0009201710927300155
-0.4860852062702179
-0.013667473569512367
0.09725654125213623
-0.6043609976768494
-0.27667585015296936
0.02684752829372883
-0.14582261443138123
-0.14114372432231903
0.09210696816444397
-0.0649290531873703
-0.07288920879364014
-0.38606828451156616
-0.27365750074386597
-0.3305630385875702
-0.35503995418548584
-0.395644873380661
-0.16576051712036133
0.024307796731591225
0.019045602530241013
-0.38087332248687744
-0.163006991147995
-0.1870308667421341
-0.030559075996279716
-0.3040454089641571
0.07572916150093079
0.08069435507059097
-0.2689402103424072
-0.5814318656921387
-0.07765787839889526
0.23488061130046844
-0.006575814913958311
0.059646569192409515
0.5410519242286682
0.049172043800354004
0.10329452902078629
0.1010037437081337
-0.028439274057745934
0.056179944425821304
0.05559079349040985
0.024674661457538605
-0.05687330290675163
0.04713192209601402
0.011989359743893147
0.02102982997894287
0.043274886906147
-0.018734097480773926
0.04029523581266403
-0.3205100893974304
0.08923874795436859
0.1786806881427765
-0.20932887494564056
0.020045986399054527
0.06154314801096916
0.0005796870100311935
-0.3671312630176544
-0.30123013257980347
-0.4171403646469116
-0.0812276303768158
-0.4215087294578552
-0.38687852025032043
-0.025522973388433456
-0.3609046936035156
-0.5475010275840759
-0.3111386299133301
-0.32941532135009766
-0.10088066011667252
-0.6533041000366211
-0.3177405893802643
-0.15665555000305176
-0.395765095949173
0.06383790075778961
0.05430881306529045
-0.10428429394960403
0.22715742886066437
0.12130871415138245
-0.1262873113155365
0.2295808345079422
0.4480404555797577
0.32062533497810364
0.17795626819133759
0.07183526456356049
-0.05364909768104553
-0.024910803884267807
-0.02586521953344345
0.31265971064567566
0.20943638682365417
-0.1869570016860962
0.2609802186489105
0.05577137693762779
0.09423268586397171
-0.18500904738903046
-0.03926633670926094
0.07343675941228867
0.0819297730922699
0.16598589718341827
0.014899816364049911
0.0569140687584877
0.02553379535675049
-0.012843195348978043
-0.07715588063001633
-0.04922416806221008
-0.054116856306791306
0.08204903453588486
0.02011893130838871
-0.012034351006150246
-0.28505513072013855
0.19138512015342712
0.1077074185013771
-0.0766632929444313
-0.06837214529514313
-0.275677889585495
0.05054376646876335
-0.21915720403194427
-0.685462236404419
-0.2353043109178543
-0.13203714787960052
-0.515121340751648
-0.15331225097179413
-0.06587754935026169
-0.09322982281446457
-0.3913348317146301
0.22118592262268066
-0.0944833979010582
-0.29474425315856934
-0.05894264578819275
-0.04752214998006821
-0.16582146286964417
-0.007018595468252897
-0.057412922382354736
0.047005053609609604
0.0511179119348526
-0.018895864486694336
0.020032566040754318
0.043895695358514786
-0.011041013523936272
0.007910639978945255
-0.0016595221823081374
-0.44092389941215515
-0.6941078305244446
0.2541126012802124
-0.14515788853168488
-0.07288748025894165
0.44376829266548157
0.40073132514953613
0.29354894161224365
0.06353442370891571
-0.16760283708572388
-0.3527106046676636
0.11848414689302444
-0.36640316247940063
-0.16687199473381042
-0.04698352515697479
0.064907006919384
0.13676008582115173
-0.10748561471700668
-0.07933127135038376
-0.2367403358221054
0.025872305035591125
0.03200265392661095
0.234534353017807
0.48594164848327637
0.0563591830432415
0.46284013986587524
-0.03351729363203049
-0.08440989255905151
0.21902041137218475
0.24262526631355286
0.029658228158950806
0.016342442482709885
0.22640864551067352
0.13478605449199677
-0.06818113476037979
-0.2256440967321396
-0.31034186482429504
-0.1827019602060318
0.20710963010787964
0.04699518904089928
0.1133468970656395
0.44084054231643677
0.2746923863887787
0.3252068758010864
-0.23820514976978302
-0.5336354970932007
-0.09955735504627228
-0.2514279782772064
-0.49648818373680115
-0.12573960423469543
-0.026325490325689316
0.1721668392419815
0.09622546285390854
0.0785263404250145
-0.12422135472297668
-0.22018809616565704
0.5336405634880066
0.3747529983520508
0.08657944947481155
0.41726475954055786
0.2895154356956482
0.17274434864521027
-0.1338551640510559
-0.09706877917051315
-0.20722857117652893
0.11044666171073914
0.09686875343322754
0.10864042490720749
-0.12081179767847061
0.003004638710990548
0.10012142360210419
-0.28763335943222046
-0.379825621843338
-0.02621200494468212
-0.4744028151035309
-0.30814263224601746
-0.08479505777359009
-0.5150015354156494
-0.46149691939353943
-0.6335346698760986
-0.00022271799389272928
0.05711410939693451
0.01020453218370676
0.00946006365120411
0.027733638882637024
0.02933930605649948
-0.057189010083675385
-0.0037933848798274994
-0.05881330743432045
-0.6030035018920898
-0.2382398545742035
-0.0704725980758667
-0.4494982361793518
-0.2500046491622925
-0.11565786600112915
-0.4740770161151886
-0.6541532874107361
-0.4433412253856659
-0.31613022089004517
-0.3227151036262512
-0.17118488252162933
-0.2414678931236267
-0.22197379171848297
-0.10618092864751816
-0.2816613018512726
-0.06753569096326828
0.06108931452035904
0.004316539969295263
0.030929604545235634
0.04256545007228851
-0.012013432569801807
-0.052845895290374756
-0.025243334472179413
0.016920877620577812
-0.032889265567064285
0.04192928597331047
-0.1227080300450325
-0.36691009998321533
0.07850660383701324
0.13729022443294525
0.16401909291744232
0.07563162595033646
0.15395128726959229
-0.06193989887833595
-0.17528975009918213
0.027376070618629456
-0.03609595075249672
0.019921958446502686
-0.00823209434747696
-0.02854289300739765
-0.010638117790222168
0.03204026445746422
-0.05029398947954178
0.014388330280780792
-0.20120328664779663
0.02972593903541565
0.030628003180027008
-0.012821576558053493
-0.24434348940849304
-0.05116119235754013
0.14034056663513184
0.21152611076831818
0.06587017327547073
-0.002378262346610427
-0.040083542466163635
0.04651365801692009
0.05548445135354996
0.01504299696534872
-0.005739189684391022
-0.009318949654698372
-0.05375228449702263
0.015462941490113735
0.12293410301208496
0.1269267499446869
-0.15639759600162506
-0.09743443876504898
0.036421094089746475
-0.4069369435310364
0.0960659608244896
0.188207745552063
-0.13622480630874634
-0.2609370946884155
-0.3234228193759918
-0.4465979337692261
-0.3205431401729584
0.030344592407345772
0.28822895884513855
0.3784603476524353
0.5804643630981445
0.3709913492202759
0.4947328269481659
0.11987703293561935
-0.12894226610660553
0.33423858880996704
0.2684006989002228
0.18326294422149658
0.5602778792381287
-0.011865466833114624
0.1176946610212326
-0.1502227932214737
-0.46408894658088684
-0.291299045085907
0.019038671627640724
0.009388623759150505
0.281413197517395
0.3339556157588959
0.30086860060691833
0.14803706109523773
-0.006747014820575714
-0.021720891818404198
0.02257232740521431
0.017085405066609383
-0.05515642091631889
0.02394118718802929
-0.0041196015663445
0.05704544484615326
-0.002071840688586235
0.14599211513996124
-0.044804561883211136
0.16414879262447357
-0.10898513346910477
0.012892848812043667
-0.12434015423059464
-0.009078542701900005
-0.11072208732366562
-0.10426942259073257
0.5038082003593445
0.39898917078971863
0.007828837260603905
0.4117662310600281
0.5014668107032776
0.20150896906852722
0.29836928844451904
0.36578798294067383
0.11553287506103516
0.01598646305501461
-0.05545062571763992
-0.26237422227859497
0.36163976788520813
0.01207886915653944
-0.18152493238449097
0.27173155546188354
-0.13900648057460785
-0.2075568586587906
-0.2185804396867752
-0.8076026439666748
-0.06432577967643738
-0.06928164511919022
0.04194069281220436
0.027724305167794228
-0.12409310787916183
-0.10384277999401093
-0.4874272346496582
-0.24859170615673065
-0.22869598865509033
-0.2194419652223587
-0.1252015382051468
-0.10377584397792816
-0.03415428847074509
0.278291255235672
-0.022201871499419212
0.023241909220814705
-0.032281842082738876
-0.17107918858528137
-0.10958076268434525
-0.047140855342149734
0.1586974859237671
0.13773757219314575
0.21099062263965607
0.03577526658773422
0.14055658876895905
-0.04431464150547981
-0.1956883668899536
-0.039855170994997025
-0.1261894553899765
-0.09853137284517288
0.09632303565740585
0.04708501696586609
0.16603367030620575
0.0982474610209465
0.37232667207717896
-0.1366763412952423
-0.1764880120754242
0.41070806980133057
-0.010197287425398827
-0.05989138036966324
0.1989925354719162
0.29749980568885803
0.4272365868091583
-0.11429488658905029
0.4022984504699707
0.2504001557826996
0.27417266368865967
0.4589154124259949
-0.23455221951007843
0.10185246169567108
0.1988029181957245
-0.00930254627019167
-0.0015885333996266127
0.028853479772806168
0.023420821875333786
0.04274875670671463
0.04397045820951462
-0.05270162224769592
-0.058764487504959106
-0.02396027185022831
-0.031937096267938614
0.03185873106122017
0.25280600786209106
0.24858319759368896
0.19680042564868927
0.3929678797721863
0.2633971571922302
0.16061486303806305
0.4933770000934601
0.2562500536441803
0.007381304632872343
0.6021246314048767
0.20958057045936584
-0.2927424907684326
0.41186925768852234
0.0670681819319725
0.26300346851348877
0.5652928352355957
0.053013499826192856
-0.12355982512235641
-0.23099574446678162
-0.08017700165510178
-0.5138380527496338
-0.0707293376326561
-0.1283886879682541
-0.5614947080612183
-0.3329940140247345
-0.09402784705162048
-0.7741865515708923
0.3189318776130676
0.509954571723938
0.26839834451675415
0.09792264550924301
-0.22867193818092346
-0.16416892409324646
-0.18116110563278198
-0.2745172679424286
0.05596546456217766
0.23297861218452454
0.033560846000909805
-0.435055673122406
0.23481954634189606
0.195020854473114
-0.574550449848175
0.1398235559463501
-0.2390652447938919
-0.7310699224472046
-0.019970223307609558
-0.3866567015647888
-0.6847145557403564
-0.2038058638572693
-0.2582545280456543
-0.6778028607368469
0.03198140114545822
-0.20219098031520844
-0.7083526849746704
0.04515070840716362
-0.14542308449745178
0.2828510105609894
0.0696326419711113
0.06151749566197395
-0.17214256525039673
0.2698588967323303
-0.27321621775627136
-0.1683047115802765
-0.1163177639245987
-0.3514089286327362
0.1543446034193039
0.12924587726593018
-0.25861141085624695
-0.3408331871032715
0.26438382267951965
-0.2549232244491577
-0.6520670652389526
-0.0438106469810009
0.13611847162246704
0.1146191656589508
0.1360362023115158
-0.03067641146481037
-0.7141100168228149
0.015131630003452301
-0.005006751976907253
-0.7371026873588562
-0.04875681549310684
0.017336593940854073
0.017747461795806885
0.0554484985768795
-0.02403297647833824
-0.04151461645960808
-0.04739007726311684
-0.0334298275411129
0.010289261117577553
0.058557454496622086
-0.19522792100906372
-0.19435861706733704
0.12507258355617523
0.09394808858633041
-0.35133764147758484
0.07854865491390228
-0.1486121118068695
-0.5049779415130615
-0.11240096390247345
0.06646676361560822
-0.12618815898895264
0.015323062427341938
-0.3369257152080536
-0.04378795996308327
0.018280085176229477
-0.30616429448127747
-0.21163822710514069
0.007424363866448402
-0.01223496999591589
0.04571645334362984
0.04430612176656723
-0.03145019710063934
0.033051230013370514
-0.054854314774274826
0.055662740021944046
0.05739188194274902
0.11332298815250397
0.07455828040838242
-1.053520679473877
0.29482316970825195
-0.13832148909568787
-0.6082826852798462
0.21121156215667725
-0.2636081874370575
-0.49894917011260986
0.031060822308063507
-0.04167575761675835
0.020301807671785355
0.02090732380747795
0.010567732155323029
0.05715833231806755
0.05269880220293999
0.01267513819038868
-0.027839630842208862
-0.11739234626293182
-0.41012606024742126
-0.3669722378253937
-0.05169784277677536
-0.49710512161254883
-0.35763806104660034
-0.008910431526601315
-0.3477109968662262
-0.300263375043869
0.0178972315043211
0.05354241281747818
-0.01732705347239971
-0.010849272832274437
-0.004413393326103687
0.05287213250994682
0.05165079981088638
-0.04963009059429169
-0.048143599182367325
0.3544481098651886
-0.21047501266002655
0.09308433532714844
0.09546424448490143
-0.05072499066591263
0.14619944989681244
0.27908027172088623
-0.22040872275829315
0.2463662028312683
-0.006039058789610863
0.11129317432641983
-0.04446388781070709
-0.04866251349449158
0.010042824782431126
-0.621787965297699
-0.06326262652873993
-0.33194780349731445
0.4175446331501007
0.19198666512966156
-0.4822288751602173
-0.060246068984270096
0.15842397511005402
0.07092547416687012
-0.2904203534126282
0.12776289880275726
-0.22077040374279022
-0.048890385776758194
0.1481623649597168
0.06640878319740295
-0.11957600712776184
0.22226396203041077
0.10870690643787384
-0.3190360963344574
0.26823481917381287
0.29845958948135376
-0.15477094054222107
-0.05748434737324715
-0.0034900822211056948
0.017123814672231674
0.05359689146280289
0.036850929260253906
0.050371427088975906
0.034445177763700485
-0.012997343204915524
0.04637334123253822
0.14614662528038025
0.0095145832747221
0.030527669936418533
-0.0767645612359047
0.22879773378372192
0.025480808690190315
-0.28465938568115234
0.13402298092842102
-0.2002229243516922
-0.1517847329378128
-0.06867938488721848
0.07424131035804749
-0.2743198871612549
0.01580066606402397
-0.33441445231437683
0.19985465705394745
-0.22714266180992126
-0.4146636724472046
0.23234105110168457
0.4055975079536438
0.19609645009040833
0.2062864899635315
-0.0824466124176979
-0.06200453266501427
-0.1484932005405426
-0.2172708958387375
-0.030619097873568535
0.06466876715421677
0.030143611133098602
-0.36122792959213257
-0.011618725024163723
0.14034877717494965
-0.6330244541168213
0.047635987401008606
0.2290228009223938
-0.46724292635917664
-0.08954714983701706
0.09903700649738312
-0.562404990196228
-0.19169974327087402
-0.14792126417160034
-0.4041534960269928
0.08227499574422836
-0.23338310420513153
-0.2879568338394165
0.2541930079460144
-0.2887907326221466
-0.6031908392906189
-0.01362275704741478
-0.15803849697113037
-0.31680119037628174
0.017806779593229294
0.15095826983451843
-0.46062901616096497
-0.1390514373779297
-0.0618838332593441
0.13212913274765015
0.0495082288980484
-0.06315161287784576
-0.1504136323928833
-0.10587499290704727
0.09396574646234512
0.19160878658294678
-0.6083185076713562
-0.40254735946655273
-0.38074585795402527
-0.19622239470481873
-0.24908676743507385
-0.29725319147109985
-0.19527703523635864
-0.43739014863967896
-0.47013750672340393
0.10025759041309357
-0.5196056365966797
0.07046078890562057
-0.0949103981256485
-0.3227483034133911
-0.2374061793088913
-0.3248409032821655
-0.6075367331504822
-0.7805033326148987
-0.2969539761543274
-0.04616379365324974
-0.025425374507904053
-0.042373280972242355
-0.029344215989112854
0.00537139130756259
0.0510692223906517
0.013600127771496773
-0.029555413872003555
-0.04051991179585457
-0.02932959422469139
-0.028962841257452965
0.026328062638640404
0.08818461745977402
-0.08640556037425995
-0.06831111013889313
-0.019287729635834694
-0.224457249045372
0.108521968126297
-0.10797882825136185
-0.4233165979385376
0.045039236545562744
0.02075052261352539
-0.19867447018623352
0.0659119188785553
-0.506118893623352
-0.35206905007362366
0.23569166660308838
-0.07713016122579575
0.0342814140021801
0.31509214639663696
-0.15222659707069397
0.025437165051698685
0.041943036019802094
0.25868383049964905
0.2266550213098526
0.004332162439823151
-0.03503558412194252
-0.2668703496456146
-0.15766580402851105
-0.062289249151945114
-0.19553036987781525
-0.09805554151535034
-0.008630200289189816
-0.31676173210144043
-0.07947346568107605
-0.004942219238728285
-0.013860974460840225
0.14924673736095428
-0.005462555214762688
-0.03135553002357483
0.11834340542554855
-0.019576892256736755
0.19717739522457123
0.34015926718711853
-0.08308267593383789
0.11409445852041245
-0.2021293193101883
-0.2567999064922333
0.16479672491550446
0.008191960863769054
0.022846560925245285
0.20258906483650208
-0.17420357465744019
0.05314631760120392
-0.11993187665939331
-0.27184510231018066
-0.13554763793945312
-0.1914321333169937
-0.07366820424795151
-0.44710269570350647
-0.1799839437007904
0.04183473065495491
0.06485068053007126
0.1284000277519226
-0.16261880099773407
-0.1142006367444992
-0.07596354186534882
0.0020892941392958164
0.023969171568751335
0.02977549470961094
0.23676607012748718
0.04747195914387703
0.14251196384429932
-0.043182119727134705
0.1948760449886322
-0.01841020956635475
-0.07324232161045074
-0.13548023998737335
0.24805788695812225
-0.09504660964012146
0.021395046263933182
0.053381744772195816
-0.03139377012848854
-0.025351082906126976
0.026229128241539
-0.014047018252313137
-0.021670933812856674
0.007217254489660263
0.009566175751388073
-0.3259139358997345
-0.28781986236572266
-0.3093283474445343
-0.23616348206996918
0.1829943060874939
-0.11762009561061859
-0.16539530456066132
-0.1718437671661377
-0.09534011036157608
-0.07958682626485825
0.1109246164560318
0.11842271685600281
0.044764965772628784
0.10983119904994965
-0.17352892458438873
-0.2605641484260559
-0.2943130433559418
-0.005325904581695795
0.03840596601366997
0.05890866369009018
0.005445969756692648
-0.00657333480194211
-0.007020189892500639
-0.002484886907041073
0.0015078807482495904
0.020305298268795013
0.0492325983941555
-0.06284555792808533
-0.1446075290441513
0.05217638611793518
-0.05854540318250656
0.2120627909898758
0.25640425086021423
-0.044963669031858444
0.12767378985881805
0.5804081559181213
-0.05419953912496567
0.016543390229344368
0.04084453359246254
0.015514563769102097
-0.029350699856877327
0.008169162087142467
0.05394139885902405
0.028979022055864334
0.055568963289260864
0.11472607403993607
0.11462592333555222
-0.27424362301826477
-0.6253648996353149
-0.1412595957517624
-0.4538547694683075
-0.3495578169822693
0.1899709403514862
-0.4066329300403595
-0.049113448709249496
0.016647769138216972
0.030183227732777596
0.04489436000585556
0.044743187725543976
0.04380127415060997
0.025895163416862488
-0.009704522788524628
0.04555877298116684
-0.23639722168445587
-0.0005310584674589336
-0.4589609205722809
-0.17000579833984375
0.16389921307563782
-0.33131247758865356
-0.18209779262542725
-0.16883566975593567
-0.46910202503204346
-0.2645872235298157
-0.19391097128391266
-0.05925328657031059
-0.10109341144561768
-0.1547459214925766
-0.17254483699798584
0.15626205503940582
-0.11785198748111725
0.1939961016178131
0.06402090936899185
-0.2702743411064148
-0.2298009693622589
-0.04530132934451103
-0.047507964074611664
-0.29114702343940735
-0.24851810932159424
-0.25964388251304626
-0.41075292229652405
0.28709420561790466
0.16398265957832336
0.024646444246172905
0.19462066888809204
0.2388482391834259
0.05277244374155998
0.14032049477100372
0.09306007623672485
0.3805226683616638
-0.0459708608686924
-0.005516889039427042
0.040080249309539795
-0.019891850650310516
-0.05713950842618942
0.01191936805844307
-0.017195822671055794
-0.008092953823506832
0.03272709250450134
-0.2690546214580536
0.17901872098445892
-0.0953865498304367
0.0753156989812851
0.04067743569612503
-0.08925159275531769
-0.18255694210529327
-0.01806686818599701
0.0015719836810603738
-0.03224582597613335
-0.07663674652576447
-0.5333684086799622
-0.11173013597726822
-0.18625840544700623
-0.2917378544807434
-0.026566635817289352
-0.34107983112335205
-0.2276587188243866
0.03049352578818798
0.1918315589427948
0.37577804923057556
0.15313270688056946
0.08392714709043503
0.4122852087020874
0.012514598667621613
0.20653164386749268
-0.33744120597839355
0.1910638064146042
0.3587811589241028
0.24433931708335876
-0.10347028076648712
0.23592321574687958
0.46193400025367737
0.0192533191293478
0.24595971405506134
0.33101609349250793
-0.11514177173376083
0.19693896174430847
0.12662389874458313
-0.03488386794924736
0.1848117709159851
0.22528637945652008
0.15658830106258392
-0.04489355906844139
-0.023511508479714394
-0.20820432901382446
0.06359682977199554
-0.08676507323980331
-0.033418264240026474
-0.09438895434141159
0.0010899032931774855
-0.3114302158355713
0.023151833564043045
0.33543428778648376
0.25374555587768555
0.2828674912452698
-0.06905495375394821
0.03642375022172928
0.15383540093898773
-0.030138662084937096
0.09753692150115967
0.22234459221363068
-0.11720305681228638
0.04071173816919327
-0.22343990206718445
-0.3683036267757416
-0.601613461971283
-0.5715755820274353
-0.5943158864974976
-0.19109418988227844
-0.1876322329044342
-0.6792107224464417
-0.26832860708236694