0.4901719391345978
0.006457508075982332
0.3599035441875458
-0.19476522505283356
0.18022510409355164
-0.18016114830970764
-0.8136162161827087
0.27467599511146545
0.09874425083398819
0.3210991621017456
-0.7493351101875305
-0.12312246114015579
0.7843325138092041
-0.686035692691803
-0.5615013241767883
0.2910435199737549
-0.553317129611969
0.010645966976881027
0.005124174524098635
0.42106708884239197
0.6347689628601074
0.2462153285741806
0.44568824768066406
0.1615476906299591
0.393303245306015
0.4225146770477295
-0.38689467310905457
-0.6701596975326538
-0.36028802394866943
0.32030925154685974
-0.1785344034433365
-0.04416742920875549
-0.1179046779870987
0.18992601335048676
-0.1667107492685318
-0.23190948367118835
-0.23085857927799225
-0.16718433797359467
-0.06290993839502335
-0.5783615112304688
-1.1810827255249023
-0.526208758354187
0.19789977371692657
-1.0573159456253052
-0.23682549595832825
0.7581318020820618
-0.49246570467948914
0.2935757637023926
0.5321826338768005
0.7746849656105042
-0.4149779677391052
-0.6125295162200928
-0.7522814273834229
0.4618367850780487
0.1937142014503479
0.1640882045030594
0.7086703777313232
0.7981672286987305
0.15282167494297028
0.3457030653953552
0.2978752553462982
0.6048511266708374
0.3911568820476532
-0.10151886940002441
-0.2809375822544098
0.20696768164634705
-0.9443352222442627
-0.01837819628417492
-0.01329481229186058
-0.06853081285953522
0.667273759841919
0.040672771632671356
-0.3638441860675812
0.17100954055786133
0.22945737838745117
-0.3698812425136566
0.5794095396995544
-0.15585795044898987
-0.71945720911026
0.2847515940666199