0.3350665867328644
0.17958706617355347
-0.6818827390670776
0.4739188849925995
0.8026981353759766
-0.11593417823314667
-0.04922084882855415
0.39046913385391235
0.6963658332824707
-0.009825771674513817
0.15606683492660522
-0.05159605294466019
-0.3325647711753845
-0.21666741371154785
-0.32222747802734375
0.2585134208202362
-0.024747615680098534
-0.4656147360801697
0.03764999657869339
-0.45294785499572754
-0.7160807847976685
-0.12563300132751465
0.8253815770149231
-0.6328850388526917
-0.003925020340830088
0.5376759767532349
-0.42875581979751587
0.21230711042881012
0.7699145674705505
0.15103323757648468
0.490141361951828
0.13824576139450073
-0.5653576850891113
1.2749589681625366
0.988031268119812
0.1654455065727234
0.14821793138980865
-0.46533241868019104
-0.44401872158050537
0.3707248270511627