0.048054665327072144
0.03940542787313461
-0.25017043948173523
0.022547567263245583
0.06133297085762024
0.10860970616340637
0.07354705780744553
0.47997143864631653
0.4562714099884033
0.027544615790247917
0.040358345955610275
0.017909221351146698
-0.002143862657248974
-0.019932178780436516
0.057273879647254944
0.03798162192106247
-0.03998980671167374
-0.04978238418698311
-0.3675885498523712
-0.3662682771682739
0.2174372524023056
-0.3897938132286072
0.013931981287896633
0.3409455418586731
0.12190990149974823
0.2614390552043915
-0.11687517166137695
-0.3605124354362488
-0.13180647790431976
0.14144687354564667
-0.11556397378444672
0.20845258235931396
0.2119457721710205
0.35304874181747437
0.599441647529602
0.17712289094924927
-0.06784119457006454
-0.4153009057044983
-0.641209602355957
-0.2952301502227783
-0.4924164414405823
-0.3245631456375122
-0.8307050466537476
-0.17160753905773163
-0.2925468385219574
0.24986930191516876
-0.056312501430511475
-0.3037673532962799
-0.14491412043571472
-0.1638849973678589
-0.6808904409408569
-0.6628158092498779
-0.20394843816757202
-0.3651651442050934
0.08502425253391266
0.28728339076042175
0.2843848466873169
0.2114039659500122
0.23154351115226746
-0.047835927456617355
0.2626289427280426
-0.16999420523643494
-0.6433248519897461
-0.3023139536380768
-0.3045487403869629
-0.1746426820755005
-0.2303885966539383
0.023383622989058495
0.056416548788547516
-0.06445924937725067
-0.19601035118103027
-0.4677274823188782
-0.17225897312164307
-0.21301211416721344
0.1325991451740265
0.17709481716156006
0.05244135856628418
-0.4277738332748413
0.2531796395778656
-0.06687092036008835
-0.5342126488685608
-0.1824820190668106
0.14913348853588104
0.14891277253627777
0.19798149168491364
0.2158626914024353
-0.10273392498493195
0.2930312156677246
-0.26546281576156616
-0.5861564874649048
0.2160869687795639
0.19886884093284607
0.36866188049316406
0.23143182694911957
-0.04494425654411316
-0.14811071753501892
-0.02755698375403881
-0.10592523217201233
-0.28609520196914673
-0.023292476311326027
-0.03974618390202522
0.011989113874733448
-0.02469109185039997
0.005526680964976549
-0.025158880278468132
-0.045792050659656525
0.00525581743568182
-0.04415764659643173
0.11802617460489273
0.1580202877521515
-0.009242498315870762
0.31008556485176086
0.11297338455915451
-0.41384243965148926
-0.08616898208856583
-0.29938626289367676
-0.6280100345611572
-0.1009339988231659
-0.10297440737485886
-0.09795130044221878
-0.06865443289279938
-0.04412370175123215
0.06113382428884506
0.06570501625537872
0.11423148214817047
-0.29594120383262634
0.05551882088184357
-0.044148895889520645
0.008146065287292004
0.025279903784394264
-0.04200858622789383
0.057692740112543106
0.05869882181286812
0.046246789395809174
-0.0313422791659832
-0.18663640320301056
0.3070867359638214
0.12492215633392334
0.024034427478909492
0.11809605360031128
-0.1741790622472763
0.2866123616695404
-0.3912539482116699
-0.555315375328064
-0.01954874023795128
0.004792202264070511
-0.03588465601205826
-0.0361039824783802
0.013264449313282967
-0.028408704325556755
-0.008598160929977894
-0.027701212093234062
0.0019875820726156235
0.05053020641207695
0.2725333571434021
0.5334526300430298
0.3233867287635803
0.3432861566543579
0.10521550476551056
0.31794315576553345
-0.17621460556983948
-0.33057400584220886
-0.008051382377743721
-0.0064403824508190155
0.038440633565187454
-0.0012228352716192603
0.04351506754755974
0.0420675165951252
0.0227553341537714
-0.04868248477578163
0.036755744367837906
-0.14844420552253723
-0.19164632260799408
-0.1603350192308426
-0.2993011772632599
-0.02911701239645481
-0.32190096378326416
-0.2080877274274826
-0.17119373381137848
-0.1733061969280243
0.045886509120464325
-0.20662949979305267
-0.09095185250043869
-0.20717179775238037
0.055405933409929276
0.3308494985103607
-0.12286783754825592
-0.1720523089170456
0.2077951431274414
0.0548427477478981
0.19303931295871735
-0.11798720061779022
0.23372386395931244
-0.0375790074467659
-0.5511305332183838
-0.010477045550942421
-0.5496199727058411
-0.4249328374862671
-0.17718972265720367
-0.07837536185979843
0.196483314037323
0.21232184767723083
0.19788390398025513
0.1860988438129425
0.4006825387477875
-0.17967359721660614
-0.5136368274688721
-0.023045441135764122
-0.02439022623002529
-0.025093503296375275
0.04136139899492264
0.01990628056228161
0.01509953010827303
-0.0027253557927906513
-0.009055973961949348
-0.03244674578309059
-0.032274093478918076
0.06039571017026901
-0.4888017773628235
0.16226407885551453
0.10396425426006317
0.008957086130976677
0.12018466740846634
0.07356371730566025
-0.16662514209747314
0.1393430382013321
-0.025316409766674042
-0.32414260506629944
-0.2636817991733551
-0.5135068297386169
-1.0184476375579834
-0.4414394795894623
-0.4384958744049072
-0.30542024970054626
-0.11725538969039917
-0.16004429757595062
-0.17117157578468323
-0.5693146586418152
-0.4285457134246826
-0.30584999918937683
0.049008410423994064
0.09108876436948776
-0.36972349882125854
0.03512660413980484
0.18843919038772583
0.1903354972600937
0.3710968792438507
0.2522899806499481
-0.22773487865924835
0.24982129037380219
-0.11039981245994568
-0.6195530891418457
0.15841645002365112
0.032513514161109924
-0.1856158971786499
-0.14457657933235168
-0.40406960248947144
-0.2302376627922058
-0.2813107371330261
-0.07756396383047104
0.1546812802553177
-0.18008117377758026
0.1653730869293213
0.2878502905368805
0.17075349390506744
0.31947532296180725
0.20130790770053864
0.2597227990627289
0.19021323323249817
-0.13216467201709747
-0.013547348789870739
-0.019043194130063057
0.002567572984844446
0.16014817357063293
-0.03615375608205795
-0.12424241751432419
0.23026753962039948
-0.017981041222810745
0.1097596138715744
0.04107561707496643
0.09431588649749756
-0.021507997065782547
0.0800335630774498
-0.13817554712295532
-0.44500604271888733
-0.06626539677381516
-0.3238149583339691
-0.7482202649116516
-0.413318008184433
-0.3381475806236267
-0.13647882640361786
-0.14607742428779602
-0.17404605448246002
0.032334212213754654
0.19630436599254608
-0.7101442813873291
0.21680569648742676
0.2522241771221161
0.0038898170460015535
0.00943766999989748
0.028028244152665138
0.04746844246983528
0.03325821831822395
0.030377354472875595
0.049418654292821884
-0.00838469434529543
0.037931229919195175
0.31037437915802
0.1685314178466797
-0.045319266617298126
-0.48405078053474426
-0.1294182986021042
0.12500916421413422
-0.4919462502002716
-0.1136123314499855
0.220982626080513
-0.1016445979475975
-0.19538579881191254
-0.43403202295303345
-0.6186986565589905
0.188730850815773
-0.10450783371925354
0.18042603135108948
0.5667753219604492
-0.13047020137310028
-0.08245319873094559
0.24466857314109802
-0.1124434843659401
0.006631552241742611
0.17195598781108856
0.20752891898155212
-0.6552689671516418
-0.25864458084106445
0.09829572588205338
0.045510806143283844
0.4849965274333954
0.3063693940639496
-0.40001851320266724
0.06718719750642776
0.05914806202054024
-0.2956349849700928
-0.4168270230293274
-0.10312995314598083
0.18498378992080688
0.06693322956562042
0.1211717501282692
0.019610056653618813
0.09263888001441956
0.20188535749912262
0.022033561021089554
0.19120007753372192
0.1692894548177719
0.12859739363193512
0.12852038443088531
0.12276673316955566
0.05117364972829819
0.049565400928258896
0.2820119559764862
-0.015640798956155777
-0.20588575303554535
0.20764967799186707
-0.24357765913009644
-0.05150255933403969
0.21581602096557617
-0.35795319080352783
0.09758397936820984
-0.05691436678171158
0.11171343177556992
-0.038551341742277145
-0.07845035940408707
-0.28798168897628784
-0.3374820053577423
-0.1496124267578125
-0.7531206607818604
-0.36549776792526245
-0.16238953173160553
0.5750157237052917
-0.09301995486021042
-0.2506231963634491
-0.663870632648468
-0.4034695625305176
-0.06220775842666626
0.14936059713363647
0.020925767719745636
0.17720060050487518
0.4801129996776581
0.26776453852653503
0.24054360389709473
0.048202965408563614
0.007113861385732889
0.0543903186917305
-0.028709646314382553
0.014033116400241852
0.03478996083140373
-0.047064635902643204
-0.013342694379389286
0.0036548974458128214
-0.736900806427002
-1.02489173412323
-0.8550460338592529
0.028760870918631554
0.019581550732254982
-0.23082606494426727
0.20751117169857025
0.14073427021503448
0.23346783220767975
0.3948426842689514
-0.1584516316652298
0.07321024686098099
0.06009421870112419
0.27935466170310974
-0.0340563990175724
-0.003919392358511686
0.1998954862356186
-0.10579774528741837
-0.04057640954852104
-0.0026004675310105085
-0.01137622818350792
-0.058744363486766815
-0.02408289909362793
0.02843206748366356
0.01967725344002247
-0.009283419698476791
0.04200352728366852
-0.1502111405134201
-0.09144124388694763
0.03737253695726395
-0.17807336151599884
-0.01129110250622034
-0.11475861817598343
0.028965188190340996
0.07405587285757065
0.16417749226093292
-0.007600945420563221
-0.02757076919078827
-0.0345756858587265
0.010369950905442238
0.0417158342897892
-0.00257527781650424
0.03161848708987236
-0.030137110501527786
-0.055889103561639786
-0.29120445251464844
-0.36484161019325256
-0.15423206984996796
-0.16611801087856293
-0.15316914021968842
-0.33300331234931946
0.2771192491054535
-0.05987844616174698
-0.07670263200998306
0.02980220504105091
-0.0009331090259365737
-0.028746390715241432
0.05194360390305519
0.028473366051912308
0.04377540946006775
-0.0416155606508255
0.020682379603385925
-0.044376861304044724
-0.3403470516204834
0.2141512632369995
0.16185715794563293
-0.22546327114105225
0.28918126225471497
0.022118769586086273
-0.3709283769130707
0.288272500038147
0.11024489253759384
0.20753055810928345
-0.09192632138729095
-0.08777769654989243
-0.14382562041282654
-0.2483571618795395
0.09138460457324982
-0.6572021842002869
-0.1732950359582901
0.05993729457259178
-0.08715292066335678
0.15908806025981903
0.2250843644142151
-0.4454522728919983
-0.5623769164085388
0.03820645064115524
0.09874236583709717
-0.444241464138031
-0.36757171154022217
0.13197456300258636
-0.14561833441257477
-0.052659109234809875
-0.5520164966583252
-0.07572715729475021
0.08066881448030472
0.20418494939804077
-0.10902251303195953
-0.048984672874212265
-0.015928467735648155
0.038262855261564255
-0.03271334990859032
0.022259177640080452
0.05633245408535004
0.004862987902015448
-0.03896394744515419
-0.032560084015131
0.0082375667989254
-0.13213607668876648
0.057260237634181976
0.09842702001333237
-0.14443041384220123
-0.16874217987060547
0.03478001803159714
-0.07489870488643646
-0.023709651082754135
0.04510977491736412
0.20327253639698029
0.31658312678337097
0.4677620828151703
-0.17291568219661713
-0.20925366878509521
0.20866158604621887
-0.05547523498535156
-0.37386393547058105
-0.36233657598495483
0.48742157220840454
0.44747239351272583
0.10505647212266922
-0.40181469917297363
0.2502650320529938
0.10398832708597183
-0.7892595529556274
-0.07751955091953278
-0.016882112249732018
-0.4265187382698059
-0.5137370824813843
-0.0800667330622673
-0.07546967267990112
-0.13148556649684906
0.11009661853313446
0.3669651448726654
0.4204472005367279
0.09772227704524994
0.12575238943099976
0.10234037041664124
-0.0744340717792511
-0.01665402017533779
-0.06678984314203262
0.04543651267886162
-0.16829104721546173
-0.27686142921447754
0.07737963646650314
0.2088804394006729
-0.14912307262420654
0.017829548567533493
-0.04552741348743439
0.0529959574341774
0.08862391114234924
-0.07263556122779846
0.03707867115736008
0.07452823221683502
-0.0581936314702034
0.07331173121929169
-0.06354991346597672
-0.10562418401241302
0.2001066952943802
0.1478014588356018
-0.2599215507507324
-0.07865104079246521
-0.07018852978944778
-0.37592875957489014
-0.33834803104400635
-0.15867269039154053
-0.41174063086509705
-0.5677806735038757
-0.32810625433921814
0.10696835815906525
-0.18396732211112976
-0.44300946593284607
-0.2823628783226013
0.181816965341568
-0.04032158479094505
-0.3502071797847748
0.14232616126537323
0.24040310084819794
-0.5820128321647644
0.07159266620874405
-0.708829402923584
-0.8245309591293335
-0.02816728688776493
0.056642547249794006
0.03713863715529442
-0.023678703233599663
-0.040708236396312714
0.04109146445989609
-0.008519886992871761
0.04376278072595596
-0.04159974679350853
0.43346577882766724
0.31266212463378906
0.06540651619434357
0.407127320766449
0.3209567964076996
-0.06490903347730637
0.1749134659767151
0.026357023045420647
-0.07254213094711304
-0.01543134730309248
0.3559630215167999
-0.6032549142837524
0.34186577796936035
0.05708601325750351
-0.1330924928188324
-0.3033345639705658
-0.4289587438106537
0.017884889617562294
-0.5653303265571594
-0.026108762249350548
-0.2557434141635895
0.17554058134555817
0.16245441138744354
-0.2983930706977844
0.024677174165844917
0.27836892008781433
0.353756308555603
0.2184247225522995
0.637187123298645
0.30113500356674194
-0.10189656168222427
0.23798273503780365
0.024057520553469658
0.046223025768995285
0.17703217267990112
-0.04455646872520447
0.5999141931533813
0.0772281140089035
0.15605974197387695
0.1282075196504593
-0.030702196061611176
0.12973803281784058
-0.03672022372484207
-0.06302426755428314
0.09213530272245407
-0.1857864260673523
-0.39577850699424744
-0.0673423632979393
0.40600380301475525
-0.45540207624435425
-0.05997888743877411
-0.02321930229663849
-0.12105734646320343
0.1405002623796463
0.17978030443191528
0.33035701513290405
0.17316153645515442
-0.4125300943851471
-0.3678348958492279
0.11658434569835663
-0.39521363377571106
-0.13066217303276062
-0.04745304957032204
0.3883177638053894
0.3402388095855713
0.1667453795671463
-0.20305193960666656
-0.16957338154315948
0.2064799815416336
-0.531701385974884
-0.10811462253332138
0.04319450259208679
-0.54854816198349
-0.07632722705602646
-0.17635680735111237
-0.25885456800460815
-0.033196136355400085
-0.09663458913564682
-0.04081481322646141
-0.15704797208309174
-0.1938951164484024
-0.02766551449894905
0.03944088891148567
0.025192126631736755
0.042799416929483414
-0.05681164190173149
0.007422186434268951
-0.00743493577465415
0.022654857486486435
0.046075399965047836
-0.27311286330223083
0.033180925995111465
-0.16594958305358887
-0.2620210349559784
-0.28840282559394836
-0.4571833610534668
0.1370931714773178
-0.13092008233070374
-0.39284083247184753
0.04473162442445755
0.13407965004444122
-0.0007132090977393091
0.23923622071743011
0.055319689214229584
0.028050241991877556
-0.05653036758303642
-0.07276707887649536
-0.31757208704948425
0.04352721571922302
0.01068638265132904
-0.0070546590723097324
0.04931798204779625
-0.0012803439749404788
0.03381890431046486
0.028305135667324066
0.008953345939517021
0.017738400027155876
0.041882939636707306
-0.31023550033569336
-0.319235622882843
-0.13253043591976166
-0.12858450412750244
-0.016499338671565056
-0.38377922773361206
-0.4280458092689514
-0.05488372594118118
-0.05744491145014763
0.034061312675476074
-0.05804623290896416
0.02806130237877369
-0.029919922351837158
0.012889426201581955
-0.03853428736329079
-0.045399438589811325
0.04178362712264061
-0.12119206041097641
0.1642945259809494
0.284322053194046
0.01292544137686491
0.2158285528421402
0.049412261694669724
-0.1049136072397232
-0.12889127433300018
-0.11068499833345413
0.00999438762664795
-0.04260338470339775
0.012491503730416298
0.03277589753270149
-0.009292321279644966
-0.03824429214000702
-0.015005380846560001
-0.03385290503501892
-0.05122463405132294
0.17993108928203583
0.22211295366287231
-0.24166256189346313
-0.18435560166835785
-0.3818662762641907
-0.6081275939941406
-0.31168332695961
-0.501521110534668
-0.15502281486988068
-0.07513855397701263
-0.07905188947916031
-0.06209623068571091
0.31020405888557434
0.2664540708065033
-0.05957949161529541
0.11734425276517868
0.2551438510417938
0.25138217210769653
-0.16453689336776733
-0.0954800546169281
0.31021013855934143
-0.6051464676856995
-0.3061216175556183
-0.13281597197055817
-0.37890344858169556
0.06866784393787384
-0.2320411205291748
0.5786305069923401
0.15729837119579315
-0.07744050770998001
0.005568729713559151
-0.06292383372783661
-0.0106385238468647
-0.4337730407714844
-0.12987343966960907
0.24323125183582306
0.017520558089017868
-0.026289399713277817
-0.05830330401659012
0.02823569066822529
-0.024009423330426216
-0.0471956767141819
-0.00010918141197180375
0.013009916990995407
-0.02258833684027195
0.13983339071273804
-0.05714532360434532
-0.05449192225933075
0.04118103161454201
-0.27295732498168945
0.29875293374061584
0.20214055478572845
-0.09782077372074127
-0.055106960237026215
-0.23558451235294342
0.5077850222587585
0.23014013469219208
-0.35072532296180725
-0.46332645416259766
-0.19742387533187866
-0.3000473380088806
-0.2059108167886734
-0.04212960600852966
0.5527210235595703
0.1837870329618454
-0.020381445065140724
0.35521578788757324
0.22952315211296082
-0.16154524683952332
-0.019232427701354027
0.021847926080226898
0.13143576681613922
0.12195278704166412
0.12603603303432465
0.08886617422103882
-0.04605855047702789
-0.03887682035565376
-0.050470028072595596
-0.378201961517334
0.12965890765190125
0.17405886948108673
-0.35233035683631897
-0.2479676455259323
-0.13598684966564178
0.2435705065727234
-0.028419064357876778
0.005615330301225185
0.3286392390727997
0.13515816628932953
0.08151789009571075
0.06774993985891342
0.06799586117267609
0.02840789407491684
0.042533617466688156
0.024716250598430634
-0.037513814866542816
-0.07756934314966202
0.09402785450220108
0.1666068285703659
-0.0007825553184375167
-0.10790033638477325
0.19017410278320312
0.09139455854892731
0.09818120300769806
0.02008814737200737
-0.2866753339767456
0.10218141227960587
0.26433852314949036
-0.29228007793426514
0.013796139508485794
0.32133376598358154
-0.37556758522987366
-0.20288994908332825
0.23471379280090332
-0.5562041401863098
0.028054129332304
-0.20624032616615295
0.18575777113437653
-0.5549109578132629
-0.4608618915081024
-0.2794734537601471
-0.0649370402097702
-0.4764534533023834
-0.3205970227718353
-0.14748238027095795
-0.23200029134750366
-0.16890980303287506
0.046500351279973984
-0.0458991676568985
0.05420757830142975
0.010321995243430138
-0.04298294335603714
0.0003295602509751916
-0.014671092852950096
0.038778625428676605
0.003189575159922242
0.3134706914424896
0.21931450068950653
0.2782585918903351
0.4961963891983032
0.06463701277971268
0.1680895835161209
-0.426972895860672
-0.41916418075561523
-0.08634817600250244
-0.09374517947435379
-0.10905998945236206
-0.20981720089912415
0.37704065442085266
-0.013236787170171738
-0.18962478637695312
0.20143906772136688
-0.3392072319984436
0.05184590816497803
-0.31854578852653503
-0.04078550636768341
0.0384841151535511
-0.018227042630314827
0.08389171957969666
0.2756565809249878
0.22365359961986542
0.540214478969574
0.19289512932300568
0.2128658890724182
0.24744544923305511
0.17405983805656433
0.031136849895119667
0.33933988213539124
0.20955497026443481
-0.5386173725128174
-0.1636776626110077
-0.052616480737924576
0.21073265373706818
0.24498677253723145
0.5275257229804993
0.045080967247486115
0.07472929358482361
0.35404446721076965
-0.29673314094543457
-0.040419626981019974
0.17638660967350006
-0.21551348268985748
-0.5155289173126221
-0.14000269770622253
0.09052188694477081
0.030559856444597244
0.1988033801317215
-0.08717679977416992
0.25958189368247986
0.1742008477449417
0.11028562486171722
0.35527145862579346
0.47689637541770935
0.14795738458633423
0.12615364789962769
0.09683828055858612
-0.35439786314964294
-0.36466285586357117
0.07347901165485382
-0.10590406507253647
0.0671091377735138
0.4179847240447998
0.06338653713464737
0.24115312099456787
0.14844432473182678
-0.4563365876674652
-0.42363953590393066
0.08929061144590378
-0.4006548821926117
-0.5854197144508362
-0.14583925902843475
-0.5703696012496948
-0.4853091537952423
-0.3295506536960602
-0.4290836453437805
0.1963164061307907
-0.04242437705397606
0.022067928686738014
0.014345754869282246
0.003376299748197198
0.02920546941459179
-0.013269064016640186
0.027827471494674683
-0.011134768836200237
-0.0275798998773098
-0.037309810519218445
-0.31218400597572327
-0.7913845777511597
-0.428205281496048
-0.6945384740829468
-1.0766476392745972
-0.7044987678527832
-0.4337359666824341
-0.041919633746147156
-0.06656234711408615
0.1561434268951416
-0.10813017189502716
-0.11734534800052643
-0.26989489793777466
-0.20543205738067627
0.07017078250646591
-0.17996539175510406
-0.09100954234600067
-0.1449534296989441
-0.002303831046447158
0.04087797552347183
0.05598338693380356
0.042503971606492996
0.02244439721107483
-0.053579188883304596
0.025424791499972343
0.037126295268535614
0.055532414466142654
-0.16110576689243317
-0.4818708300590515
-0.025182873010635376
0.10461924225091934
-0.01777811534702778
0.206655815243721
-0.2488560527563095
-0.060547299683094025
0.32864314317703247
-0.05675102770328522
0.05176011472940445
-0.011630346067249775
0.03387737646698952
0.04446375370025635
-0.0013201446272432804
0.011904054321348667
-0.02029302716255188
-0.035367969423532486
0.012645659036934376
0.07109082490205765
0.08164406567811966
-0.0891425609588623
-0.18515843152999878
0.20908841490745544
-0.4108545780181885
-0.3244265913963318
0.0735444575548172
0.009147824719548225
-0.005796315614134073
-0.019703038036823273
0.05571925267577171
0.036741893738508224
0.015933027490973473
-0.004513170104473829
-0.03326781466603279
-0.053793661296367645
-0.3602711856365204
-0.19237500429153442
-0.15072904527187347
-0.04650673642754555
-0.3688485324382782
-0.13270139694213867
-0.28873568773269653
-0.2374141663312912
0.11350248008966446
-0.022042330354452133
-0.05976458638906479
-0.12359803915023804
0.23398371040821075
0.16512025892734528
0.18405361473560333
0.17653968930244446
0.39893433451652527
0.11618151515722275
0.15062585473060608
0.3133763372898102
0.3170532286167145
0.17076675593852997
0.350678950548172
0.38236138224601746
-0.057485271245241165
-0.249885693192482
-0.0817277580499649
-0.015373479574918747
0.27102670073509216
0.0913001298904419
-0.20167355239391327
-0.16397540271282196
0.26683947443962097
-0.3539177179336548
-0.39743173122406006
0.10808296501636505
0.012012912891805172
0.008543848060071468
-0.0381048321723938
0.017015820369124413
-0.047328971326351166
0.025141915306448936
0.03190327435731888
-0.004980036523193121
-0.030985800549387932
-0.007556733675301075
0.0007366067147813737
-0.07013960927724838
-0.17620325088500977
0.1121268942952156
-0.10683705657720566
-0.029622545465826988
-0.21154868602752686
0.10184664279222488
0.14874303340911865
0.4656665027141571
0.5078277587890625
-0.1300686001777649
0.3320356011390686
0.26526010036468506
-0.2943722605705261
-0.19303251802921295
-0.21574683487415314
0.21530018746852875
0.02749505639076233
0.07934749871492386
-0.1900896430015564
-0.01129869744181633
0.17477160692214966
-0.5392336845397949
-0.40263092517852783
-0.05573384836316109
0.306076318025589
-0.4853596091270447
0.09292422235012054
-0.13482867181301117
-0.02015623077750206
0.24473947286605835
-0.3287326991558075
-0.022684337571263313
-0.06273125112056732
0.06237087398767471
-0.20232965052127838
-0.1346743404865265
-0.18536075949668884
0.3124438226222992
0.1723981499671936
0.20409488677978516
0.3851344585418701
0.3478536605834961
0.05866415053606033
-0.0018951129168272018
0.11748011410236359
0.11247503012418747
0.1617090255022049
-0.020992344245314598
0.031778834760189056
-0.005068068392574787
0.03402044624090195
0.31603896617889404
0.17846627533435822
0.13808628916740417
0.06832815706729889
-0.09362349659204483
0.18496516346931458
0.17184945940971375
-0.0799151137471199
0.11086516827344894
0.306505411863327
0.31782251596450806
0.40140825510025024
0.40686073899269104
0.1527036875486374
0.12327162176370621
-0.2671658396720886
-0.341141015291214
0.0556441955268383
-0.06814812123775482