-0.30545565485954285
0.31534072756767273
0.49652203917503357
-0.17133203148841858
0.11605669558048248
0.3017391562461853
0.06814215332269669
0.5925574898719788
0.05140833556652069
-0.19181698560714722
0.5127729177474976
0.10326030105352402
-0.24800723791122437
0.29137709736824036
0.1421724408864975
-0.44621968269348145
0.5364288091659546
0.11517173051834106
-0.4027983546257019
-0.13811688125133514
-0.2416498064994812
-0.05568030849099159
-0.6555677652359009
-0.4819941818714142
-0.5402963161468506
0.1405792385339737
-0.38936343789100647
-0.5782018303871155
0.004981270991265774
-0.16978459060192108
-0.21873216331005096
0.6549249291419983
0.05872069299221039
0.26865482330322266
0.3574235141277313
-0.3358391225337982
0.3285145163536072
0.06889217346906662
-0.37592649459838867
0.2359929382801056