-0.020425433292984962
-0.18726110458374023
-0.2728361189365387
0.040341008454561234
-0.4666748344898224
-0.18713167309761047
0.2544260025024414
-0.1531904935836792
-0.1420985907316208
-0.045470740646123886
0.038707032799720764
-0.05637458339333534
0.052844300866127014
0.004696781747043133
0.025308219715952873
0.026635712012648582
0.034543029963970184
0.008319521322846413
0.19625583291053772
0.15633340179920197
0.14584873616695404
-0.3191620111465454
-0.17990802228450775
0.24738158285617828
-0.1495988368988037
-0.5659466981887817
-0.32539018988609314
0.03915940970182419
-0.2830633223056793
-0.21204257011413574
0.19660918414592743
-0.5415975451469421
-0.1644631326198578
-0.009785632602870464
-0.33513134717941284
-0.039716485887765884
0.11639736592769623
0.030289387330412865
0.27395716309547424
-0.03908289223909378
0.15703141689300537
0.28392475843429565
-0.13756884634494781
0.15260662138462067
-0.3469081223011017
-0.16903571784496307
-0.0526721216738224
0.4651947021484375
-0.11300735920667648
-0.1438623070716858
-0.4793736934661865
0.2184329479932785
-0.146431103348732
-0.29057273268699646
0.17497272789478302
0.47953251004219055
0.7682005763053894
-0.25261905789375305
0.13173054158687592
0.571621298789978
-0.32031071186065674
-0.30000150203704834
-0.027109364047646523
0.08719806373119354
0.31355738639831543
0.1948353499174118
0.07662300765514374
0.14919887483119965
0.5248419642448425
-0.1714375764131546
0.2933823764324188
0.5470289587974548
-0.3455941081047058
-0.08586257696151733
0.38774892687797546
-0.3486667573451996
-0.5231078267097473
-0.2997729480266571
0.2980023920536041
-0.10981393605470657
-0.07388213276863098
-0.4671133756637573
0.12213212996721268
0.4009643495082855
-0.5834657549858093
-0.2027900665998459
-0.37693291902542114
0.1320274919271469
-0.20613805949687958
-0.26897624135017395
-0.2604592740535736
-0.07284633815288544
0.12981534004211426
-0.8498989939689636
-0.4807244837284088
0.27278754115104675
-0.27809402346611023
-0.32077261805534363
-0.09839562326669693
-0.05705461651086807
0.03684467077255249
0.005566594190895557
0.04730697721242905
-0.016941839829087257
-0.04843108355998993
-0.032115448266267776
-0.04452156275510788
0.024363139644265175
-0.1303078532218933
-0.10136042535305023
-0.24582603573799133
-0.3133806586265564
-0.542396068572998
-0.24154549837112427
-0.21199631690979004
-0.16146628558635712
0.08215686678886414
0.1625668853521347
-0.13751733303070068
-0.14658036828041077
-0.009476506151258945
0.09267711639404297
-0.09906888753175735
0.11616494506597519
-0.0998556837439537
-0.10882898420095444
0.05309966206550598
0.0016131425509229302
-0.01710769347846508
-0.04947393760085106
-0.03741075098514557
-0.02829032763838768
0.03484780713915825
-0.05582428723573685
-0.020244283601641655
0.018648482859134674
-0.25279903411865234
0.3601524531841278
-0.2553449869155884
-0.37163928151130676
-0.07707055658102036
0.07906953245401382
-0.1335090696811676
-0.17843778431415558
0.045344311743974686
-0.055304720997810364
0.010125380009412766
-0.028162334114313126
0.05387550964951515
-0.056247398257255554
-0.02919904887676239
-0.0003059931332245469
-0.013510755263268948
-0.21505072712898254
0.03207546845078468
0.38626861572265625
-0.3535497486591339
-0.4551198482513428
-0.4107201397418976
-0.42330533266067505
-0.8619616031646729
-0.28247570991516113
-0.02872985601425171
0.011658082716166973
-0.008872000500559807
-0.029135094955563545
0.026149850338697433
-0.011281144805252552
-0.010590716265141964
0.027196040377020836
0.05058510974049568
-0.11019399762153625
-0.02674161270260811
-0.15291331708431244
0.04060255363583565
-0.11483166366815567
-0.01147501077502966
-0.0885913148522377
-0.12003077566623688
0.19253139197826385
-0.1298801302909851
0.03617168590426445
0.2044626772403717
-0.07988221943378448
-0.03460153192281723
0.3292437493801117
-0.2387976497411728
0.0004234388470649719
0.30143338441848755
-0.359054297208786
-0.34527087211608887
0.1567160040140152
-0.41969507932662964
-0.33794984221458435
-0.10322881489992142
0.18714775145053864
0.1147565171122551
-0.1150062158703804
-0.10771483927965164
0.25370439887046814
0.3107776641845703
-0.3130418062210083
0.06727965921163559
0.26074060797691345
-0.34020093083381653
-0.6630153059959412
0.023501010611653328
-0.01723702810704708
0.056575287133455276
0.026014503091573715
-0.03743162751197815
-0.031941916793584824
-0.03348628804087639
-0.014254393987357616
0.030841989442706108
-0.012320430018007755
-0.16886858642101288
0.1302761286497116
0.1871168166399002
-0.13834987580776215
0.12286967039108276
0.08789104968309402
-0.41099390387535095
-0.11613566428422928
0.2828393280506134
-0.25426363945007324
-0.15360894799232483
0.050276435911655426
-0.43042588233947754
-0.2832794189453125
-0.1365218609571457
0.5136837363243103
0.14872713387012482
-0.2275341898202896
-0.15930160880088806
0.4375103712081909
0.7095966339111328
-0.5956037640571594
0.10272037982940674
0.1813727766275406
-0.09759843349456787
0.02802967093884945
-0.4033537805080414
-0.04882907122373581
0.0714181661605835
0.18550477921962738
-0.20866985619068146
-0.7054944634437561
-0.15167313814163208
-0.37249159812927246
0.10202313214540482
0.013850150629878044
0.2901414632797241
-0.016468366608023643
0.2044283002614975
-0.12544575333595276
0.2550847828388214
0.05776922404766083
0.023032372817397118
-0.11939837038516998
0.01811230182647705
-0.05855702608823776
0.11616785079240799
0.28050127625465393
-0.055020105093717575
0.10135672986507416
0.15116573870182037
-0.4882875680923462
-0.37153008580207825
-0.05705845355987549
-0.13882850110530853
-0.11424972862005234
0.04848787188529968
-0.04107699543237686
0.029273241758346558
0.13228294253349304
-0.17405565083026886
-0.07577347010374069
0.0814594104886055
0.07860463857650757
0.003295557340607047
-0.01444968767464161
0.0074524106457829475
-0.5154474973678589
-0.30287909507751465
0.40118587017059326
-0.24062427878379822
0.009977742098271847
0.07394011318683624
0.02973587065935135
0.17223937809467316
-0.12844043970108032
0.006777205970138311
-0.03436944633722305
-0.034324876964092255
-0.09319111704826355
0.16533023118972778
0.11735061556100845
-0.045254189521074295
0.02403433248400688
0.015433501452207565
0.03848683089017868
0.020838124677538872
0.030161205679178238
-0.006728034932166338
0.009382225573062897
0.030682427808642387
-0.375564843416214
-0.09604442119598389
0.06284458190202713
-0.2780967354774475
-0.14092446863651276
0.1975480616092682
-0.02404715307056904
0.07175072282552719
0.24531289935112
-0.11530622094869614
-0.32809385657310486
-0.08690281957387924
0.1516377031803131
-0.13788583874702454
0.22470340132713318
0.3016452193260193
0.14303620159626007
0.015422578901052475
0.05011405795812607
-0.29983052611351013
-0.2920360267162323
-0.4316905736923218
-0.3857995271682739
-0.10588550567626953
-0.11363109946250916
-0.03128669410943985
-0.22660858929157257
0.00379082839936018
-0.12501753866672516
-0.2512332499027252
0.12655310332775116
0.06772474199533463
-0.2792621850967407
-0.10422830283641815
-0.13528096675872803
0.21620342135429382
-0.11079657822847366
0.2677356004714966
0.1451031118631363
0.038791388273239136
0.20300045609474182
-0.13282570242881775
0.43169471621513367
0.267001748085022
-0.02154299058020115
-0.3023628890514374
-0.1928691416978836
-0.1755935400724411
-0.1462484896183014
-0.43260809779167175
-0.2563616633415222
0.18243969976902008
-0.11247365176677704
-0.5083802342414856
-0.3019099533557892
-0.031998902559280396
-0.018992600962519646
0.006312123499810696
-0.006399400997906923
-0.12428838759660721
0.008387379348278046
-0.029111618176102638
-0.19051536917686462
-0.09839905053377151
-0.05683391913771629
0.10681167244911194
0.10996469855308533
0.2586379051208496
-0.20995910465717316
-0.1777288317680359
-0.13752423226833344
-0.31185993552207947
0.02949058637022972
0.22988998889923096
0.11946574598550797
0.2169378399848938
-0.20994065701961517
0.10857856273651123
0.4478898048400879
-0.02031945437192917
-0.6756294369697571
0.023441191762685776
-0.05568339675664902
-0.03837474063038826
0.0520225428044796
-0.058015916496515274
0.01137139555066824
0.008818743750452995
0.03701086342334747
0.002292107092216611
0.006679224316030741
0.2709011137485504
0.17398865520954132
0.33946725726127625
-0.18054185807704926
-0.313981831073761
0.003636592999100685
-0.5476399064064026
-0.11920305341482162
-0.05748211219906807
0.13068467378616333
0.059056513011455536
0.02091757394373417
0.06392557919025421
0.03257230296730995
0.06310578435659409
0.22046484053134918
0.19646474719047546
-0.0042581032030284405
-0.03574233129620552
-0.0045649390667676926
-0.006356545723974705
0.050270359963178635
-0.01825087144970894
-0.03125213459134102
0.05005203187465668
-0.02405809611082077
-0.3029601573944092
-0.03422672674059868
-0.04315940663218498
0.007790068164467812
0.3100133538246155
-0.06627961993217468
0.2667841911315918
0.19413062930107117
-0.03923650085926056
-0.035071924328804016
0.0297252107411623
0.049758248031139374
0.0039620003663003445
0.019605709239840508
0.05406646057963371
-0.01999402977526188
0.005383164156228304
0.043595634400844574
-0.1946043074131012
0.031188655644655228
0.09452523291110992
0.7721574306488037
0.07418242841959
-0.018740393221378326
0.16548269987106323
0.08516688644886017
-0.1777115911245346
0.020974021404981613
-0.0007293090457096696
0.05673503130674362
-0.035375192761421204
0.032506853342056274
-0.04457380622625351
-0.04545704647898674
-0.03228624910116196
0.03442240506410599
0.26650047302246094
0.04212280362844467
0.08241129666566849
0.3841761350631714
0.39611244201660156
-0.06973198801279068
0.15214338898658752
0.39910072088241577
0.3258627951145172
-0.16557921469211578
-0.4113893210887909
-0.1355174332857132
-0.4612431526184082
-0.7506123781204224
-0.3219348192214966
-0.04287992790341377
0.09398055821657181
0.009290770627558231
-0.11067313700914383
0.478520929813385
-0.03891010209918022
-0.1709844022989273
-0.33776840567588806
-0.004947146866470575
-0.016565285623073578
-0.3205189108848572
-0.20294742286205292
-0.15177609026432037
-0.507269561290741
-0.18615010380744934
0.10318920761346817
0.28262388706207275
-0.014144912362098694
0.08923093974590302
0.2691555321216583
0.11149920523166656
0.015894068405032158
-0.007187266834080219
-0.00853008683770895
-0.01914873905479908
0.023083696141839027
-0.04093603417277336
0.05857768654823303
-0.011180982924997807
-0.000703613564837724
-0.020052315667271614
0.16510649025440216
-0.07681676000356674
0.0880969688296318
0.0863659530878067
-0.38084176182746887
-0.0035580135881900787
-0.09780868142843246
-0.04896998405456543
0.1888401061296463
0.08590514957904816
-0.34640634059906006
-0.2570878267288208
-0.1608419120311737
-0.12530070543289185
-0.33106574416160583
-0.31533873081207275
-0.404468297958374
-0.07773131132125854
-0.1907823383808136
-0.16587510704994202
0.03505052253603935
0.06734205782413483
0.027982819825410843
-0.0017348140245303512
0.36461329460144043
0.23209258913993835
-0.05933791399002075
-0.11997528374195099
-0.08204877376556396
-0.19851166009902954
-0.19931483268737793
0.08287844061851501
0.4665471613407135
0.22001491487026215
-0.13037674129009247
0.23929864168167114
0.045304711908102036
-0.18975384533405304
-0.11636336892843246
-0.0826411247253418
-0.3152530789375305
0.02212582342326641
0.4433044195175171
-0.023461006581783295
-0.24692998826503754
-0.10205129534006119
-0.0918651893734932
-0.11721692234277725
-0.18191874027252197
-0.08977356553077698
0.16642504930496216
-0.09035947918891907
0.03505845367908478
0.09900465607643127
-0.10391532629728317
0.047174591571092606
0.11455202102661133
-0.18212886154651642
0.14215686917304993
-0.2242990881204605
-0.16347289085388184
-0.2924696207046509
-0.10589782148599625
0.07108787447214127
-0.034049708396196365
-0.19078251719474792
-0.37483030557632446
-0.5674372315406799
-0.6738954782485962
-0.46102213859558105
-0.41250044107437134
-0.05593385547399521
-0.644359827041626
-0.15553495287895203
-0.05010410398244858
-0.5746378898620605
-0.48434433341026306
-0.0775323286652565
-0.5168606638908386
-0.2020389884710312
-0.09680168330669403
0.05471286177635193
0.005585546139627695
0.05775485932826996
-0.02329636923968792
-0.038941334933042526
-0.007642761804163456
0.02733192965388298
0.05086765065789223
-0.02578667923808098
0.08206583559513092
0.1791663020849228
-0.009579820558428764
-0.23542238771915436
-0.047542836517095566
0.09003195911645889
-0.6173948645591736
-0.2897796928882599
0.2955881953239441
-0.2760881781578064
0.05501396581530571
-0.26170846819877625
-0.21514424681663513
-0.07779182493686676
-0.3853033185005188
-0.37961843609809875
0.013430539518594742
-0.06260325759649277
-0.03526393696665764
-0.24636124074459076
-0.15450550615787506
0.08705431967973709
0.11197959631681442
-0.388672798871994
0.11516184359788895
-0.04037483409047127
-0.43004894256591797
0.1349649280309677
0.12183153629302979
-0.13134583830833435
0.07030163705348969
0.42462432384490967
0.3642992079257965
-0.755082368850708
0.036423057317733765
0.22961439192295074
0.1077655777335167
-0.048715438693761826
-0.46983906626701355
0.07482301443815231
0.12713654339313507
-0.06650454550981522
0.009477473795413971
0.18137729167938232
0.2598111927509308
0.11725137382745743
-0.32903623580932617
-0.4517849087715149
0.2308099865913391
-0.08023896813392639
-0.6138797998428345
0.1592738926410675
0.35174083709716797
-0.11643403768539429
-0.28561365604400635
-0.0028490754775702953
0.11719910055398941
-0.3081969916820526
-0.13914786279201508
0.019182654097676277
-0.21093642711639404
-0.02376026287674904
0.13664892315864563
-0.1324121505022049
-0.26279255747795105
-0.020011093467473984
-0.7226256132125854
-0.39198508858680725
0.047089941799640656
-0.44183462858200073
-0.46010375022888184
0.12434389442205429
0.07218070328235626
-0.495191365480423
-0.5473140478134155
0.009072414599359035
-0.47619473934173584
-0.7296674251556396
0.279952734708786
-0.23341436684131622
-0.4470706582069397
-0.05306166037917137
0.028165573254227638
0.05570707097649574
-0.0020676259882748127
0.0527566522359848
0.029991522431373596
0.019594890996813774
-0.014576108194887638
0.03097369149327278
-0.20858433842658997
-0.9057490229606628
-0.3875817358493805
-3.876450136885978e-05
-0.6754201054573059
-0.3439713418483734
0.14252831041812897
-0.583141028881073
-0.7096326947212219
-0.09648030996322632
0.04573984071612358
-0.07367892563343048
-0.4792543947696686
-0.23833656311035156
-0.3250672221183777
-0.27213504910469055
0.2266024649143219
-0.02159828133881092
-0.009638288989663124
0.03431794419884682
0.01404610462486744
0.008534329012036324
-0.043831635266542435
0.03450396656990051
0.02761397510766983
0.0058440822176635265
-0.053792163729667664
-0.10725176334381104
-0.08662388473749161
-0.4457347095012665
-0.15879717469215393
-0.08966568112373352
-0.16165688633918762
-0.16443419456481934
0.052998628467321396
0.06745517998933792
0.013372358866035938
-0.03689797967672348
0.05648273974657059
0.03269995003938675
-0.025478949770331383
0.017711982131004333
0.015763988718390465
0.02393389493227005
0.03828487545251846
-0.08972572535276413
-0.3086443841457367
-0.3912404179573059
-0.3528842031955719
-0.49714264273643494
-0.14746546745300293
-0.2502143085002899
-0.33691805601119995
-0.06526713818311691
0.0024245691020041704
0.018653899431228638
0.05055207759141922
0.012487856671214104
0.02913624793291092
0.03438585251569748
0.04241521283984184
-0.03406325727701187
0.014451704919338226
-0.06646877527236938
0.053342096507549286
-0.01636989787220955
-0.42173367738723755
0.23009829223155975
0.13135869801044464
-0.18226398527622223
-0.17354242503643036
0.07397322356700897
-0.2540861666202545
-0.49758180975914
-0.357928991317749
0.11311890184879303
-0.24566206336021423
-0.32624250650405884
-0.09026959538459778
-0.022799236699938774
0.1278405785560608
-0.10909254103899002
0.021596688777208328
0.14973780512809753
-0.48225337266921997
-0.28569495677948
0.4331224858760834
-0.0921248346567154
-0.27153244614601135
0.19185878336429596
-0.18490591645240784
-0.3184903860092163
-0.3400637209415436
-0.33785468339920044
-0.4240783751010895
-0.02194954641163349
-0.2515857219696045
-0.21155977249145508
0.09816141426563263
0.03750906512141228
0.013116134330630302
-0.0067731039598584175
-0.025630131363868713
-0.031501151621341705
-0.04370421543717384
0.02649235725402832
0.04096381366252899
-0.025438616052269936
0.11254886537790298
-0.1682426631450653
-0.19093626737594604
0.19547711312770844
0.27018943428993225
0.29147109389305115
-0.012090533971786499
-0.16285483539104462
-0.13281108438968658
0.03343697264790535
-0.016130365431308746
0.11382152140140533
-0.16417865455150604
0.09832856804132462
0.5713894963264465
-0.33550846576690674
-0.5269197821617126
0.2014765590429306
-0.014360535889863968
0.26602739095687866
-0.33963945508003235
-0.043764859437942505
0.28944626450538635
0.11693942546844482
-0.7450807094573975
-0.06440677493810654
0.04752764850854874
-0.27281466126441956
-0.3544342517852783
-0.6849528551101685
-0.18998438119888306
-0.13168157637119293
-0.30991068482398987
-0.031730685383081436
-0.030680762603878975
0.18171590566635132
0.02771599031984806
0.12272144854068756
-0.2945029139518738
-0.06622263044118881
0.15128421783447266
-0.07560747116804123
0.024459293112158775
-0.12339918315410614
0.2659156024456024
-0.15004800260066986
-0.3666352331638336
-0.39168134331703186
0.06520461291074753
-0.2805604040622711
-0.16683101654052734
0.05657025799155235
-0.05086209625005722
0.03265409916639328
0.2537502944469452
-0.014385079964995384
-0.031831543892621994
-0.12310793995857239
-0.07938272505998611
0.17011934518814087
0.05287547409534454
-0.07142963260412216
-0.12574279308319092
-0.2507287263870239
-0.43004563450813293
-0.14343208074569702
-0.7933629751205444
-0.8638320565223694
-0.08287883549928665
-0.1821058690547943
-0.48362255096435547
-0.13411656022071838
-0.31930863857269287
-0.4375671446323395
-0.20010462403297424
-0.5354675650596619
-0.516348659992218
-0.37439408898353577
-0.4341967701911926
-0.2044394165277481
-0.6895492076873779
-0.9050785899162292
0.015572438947856426
0.025737233459949493
-0.05561921000480652
0.030717290937900543
-0.000510054116602987
-0.013893076218664646
-0.042372412979602814
-0.0021298278588801622
-0.03868348151445389
-0.15280352532863617
-0.39994707703590393
-0.40563783049583435
0.2072623372077942
-0.011312445625662804
-0.29320237040519714
0.12071187049150467
-0.06154409795999527
-0.11401312053203583
-0.11762543767690659
-0.01839430443942547
-0.33001646399497986
-0.16067270934581757
0.04606785997748375
-0.30359840393066406
0.11000742763280869
-0.24988536536693573
-0.8926798701286316
0.09472450613975525
-0.29600101709365845
-0.156803160905838
0.09557081758975983
-0.06517202407121658
-0.23735594749450684
0.20661921799182892
0.6021495461463928
0.3539332151412964
-0.056524742394685745
-0.3007238507270813
0.16882196068763733
-0.11115393042564392
0.23924478888511658
0.08198688179254532
-0.1757117360830307
-0.04042503237724304
0.27022987604141235
-0.07203742861747742
-0.11108928173780441
-0.0013201488181948662
-0.07913102209568024
0.009430880658328533
0.08683149516582489
-0.11226169764995575
0.018212581053376198
0.18811674416065216
-0.42188212275505066
-0.31663283705711365
-0.36465969681739807
-0.2846525311470032
-0.09908167272806168
-0.0476030632853508
0.34681862592697144
0.11241381615400314
0.28008875250816345
0.3617536425590515
0.19404220581054688
0.05958618223667145
-0.06330058723688126
0.13892874121665955
0.19771243631839752
-0.5100544691085815
-0.2710637152194977
0.11462650448083878
0.06423179805278778
0.10463523119688034
0.037832412868738174
-0.1554865539073944
0.026974448934197426
0.08258558809757233
-0.4370320737361908
-0.43410423398017883
0.050435133278369904
-0.0316389799118042
-0.2928069531917572
-0.1726309061050415
-0.30080559849739075
-0.7440478205680847
-0.41572004556655884
-0.7666129469871521
-0.12282771617174149
-0.3107028901576996
-0.045793406665325165
-0.0070877233520150185
0.034403152763843536
0.0100431302562356
0.002922125393524766
0.024846818298101425
0.0303592961281538
-0.018997501581907272
0.05752399191260338
0.15407998859882355
-0.20576262474060059
0.08456072956323624
-0.41053998470306396
-0.64246666431427
-0.17173722386360168
-0.502232551574707
-0.6019310355186462
-0.6482349634170532
0.06296192109584808
0.16685418784618378
0.004566341172903776
-0.1703752726316452
-0.022970758378505707
-0.23462358117103577
0.14439143240451813
-0.05018755421042442
0.04793952777981758
-0.043391887098550797
0.02066904678940773
0.04930596798658371
-0.054434388875961304
-0.02545393630862236
-0.05841636657714844
0.050987910479307175
-0.009751986712217331
0.05652889236807823
-0.0890716165304184
-0.317192018032074
-0.04650723934173584
0.07627465575933456
0.0449213869869709
0.15667812526226044
-0.3756100535392761
-0.12189313769340515
0.2625121772289276
0.050825510174036026
-0.04440821707248688
0.012668549083173275
-0.012179912067949772
-0.05777139589190483
0.026620475575327873
-0.05003545433282852
-0.04231946915388107
0.024634918197989464
-0.16591377556324005
0.027238059788942337
0.13432179391384125
0.049746349453926086
-0.057567011564970016
0.10284945368766785
-0.5430312752723694
-0.08772913366556168
-0.019411010667681694
0.020181410014629364
0.00043686231947503984
-0.011554460041224957
-0.05729692056775093
0.038050577044487
0.00584600493311882
-0.004679718986153603
0.045976825058460236
0.02776019088923931
-0.2544110417366028
0.025075558573007584
-0.12488728761672974
-0.4283299744129181
-0.2409907430410385
-0.31963393092155457
-0.3412781059741974
-0.43624040484428406
-0.12587913870811462
-0.47875362634658813
-0.2314317524433136
-0.017216084524989128
-0.13254272937774658
-0.10295615345239639
0.011217767372727394
0.19251342117786407
0.04430977255105972
0.07657608389854431
0.21299608051776886
0.08454392105340958
0.2585933208465576
0.06375399231910706
0.012292847968637943
0.05752415955066681
-0.48928529024124146
-0.1349308341741562
0.277161568403244
-0.14361093938350677
-0.18244527280330658
-0.14066268503665924
0.03231853246688843
-0.05383339151740074
0.010657831095159054
-0.20976997911930084
-0.10744217783212662
-0.08132077008485794
0.020163003355264664
-0.009166405536234379
0.029200270771980286
-0.026890462264418602
0.0317673496901989
-0.007742917165160179
0.018122000619769096
-0.013106637634336948
0.04799099266529083
0.2308836132287979
0.12319760769605637
0.08309075981378555
-0.38358861207962036
-0.18632371723651886
-0.3018973469734192
-0.1306198090314865
-0.22042669355869293
-0.10399116575717926
0.06467386335134506
-0.13576170802116394
0.09505672007799149
0.016233844682574272
-0.1145753338932991
-0.2499622404575348
-0.34755223989486694
-0.03826875984668732
0.2378939390182495
-0.0014335776213556528
-0.21765191853046417
0.0906497910618782
0.1730564385652542
0.20638243854045868
-0.044403091073036194
-0.16066734492778778
0.18271541595458984
0.0486295185983181
-0.1217859759926796
-0.3862878978252411
-0.12278340011835098
-0.11093079298734665
-0.2890496253967285
0.015538874082267284
-0.46176573634147644
-0.21608904004096985
0.104206882417202
-0.06632233411073685
-0.3280712068080902
-0.20030030608177185
0.05207585170865059
-0.15201345086097717
-0.16374318301677704
-0.11737345904111862
0.4314504861831665
0.32634174823760986
-0.04725724831223488
-0.014640863984823227
-0.12714888155460358
0.1019170805811882
0.08599423617124557
0.059347059577703476
0.15645010769367218
0.22203591465950012
0.33947595953941345
-0.21173089742660522
-0.15977054834365845
-0.05216692015528679
0.08561407029628754
-0.11121880263090134
0.051989831030368805
0.07989418506622314
0.10649167746305466
0.220827117562294
0.20840224623680115
0.35168275237083435
0.24320615828037262
-0.010569706559181213
-0.04473520815372467
0.06764186173677444
-0.1722940057516098
-0.22296445071697235
0.008819464594125748
-0.4096043109893799