-0.31234675645828247
-0.1004512682557106
0.06989849358797073
-0.4308251142501831
0.057813242077827454
0.09762486070394516
-0.5172661542892456
0.0272129625082016
-0.03051295131444931
0.026323677971959114
0.045796941965818405
-0.011829756200313568
-0.016268493607640266
-0.04597707837820053
-0.0002907570742536336
0.018156638368964195
0.0408342219889164
0.05635473504662514
-0.13251923024654388
-0.12795858085155487
-0.24086883664131165
-0.4645380675792694
-0.08332771807909012
-0.2286154180765152
-0.3986915349960327
-0.1594754010438919
-0.22207918763160706
-0.38986945152282715
-0.10714882612228394
-0.19365879893302917
-0.15636514127254486
-0.08856017887592316
-0.10145200043916702
-0.12135428935289383
-0.18796537816524506
-0.03965616971254349
-0.029190674424171448
0.05941016227006912
-0.07621527463197708
0.06687566637992859
-0.08241872489452362
0.2748468816280365
-0.32714658975601196
0.16305741667747498
0.4188458323478699
0.009646405465900898
-0.12657923996448517
-0.29782944917678833
-0.3911277651786804
-0.032189253717660904
-0.4117186665534973
-0.38054126501083374
-0.16765698790550232
-0.11134755611419678
-0.21389460563659668
0.020709965378046036
-0.07505658268928528
-0.23720335960388184
-0.029336823150515556
-0.20779530704021454
-0.20588529109954834
-0.03332148492336273
0.0019355445401743054
0.01809537783265114
-0.03548304736614227
0.1568865031003952
-0.2725376784801483
0.0034109619446098804
-0.12931197881698608
-0.11617349833250046
-0.09331633150577545
0.019658314064145088
-0.24924121797084808
-0.048983339220285416
-0.2680794298648834
-0.3179997205734253
-0.022646723315119743
-0.09166625142097473
-0.02575843408703804
-0.12376213818788528
-0.09761441498994827
-0.4245733916759491
-0.29964399337768555
-0.1983300745487213
-0.2701515853404999
-0.07208511233329773
0.07949015498161316
0.047990165650844574
0.006437571253627539
-0.13195489346981049
-0.08047990500926971
0.046928152441978455
0.19884930551052094
-0.10978823900222778
0.33438828587532043
0.23154547810554504
0.05203382670879364
0.05788468196988106
0.2603031396865845
0.00788476224988699
0.004004084039479494
-0.04373352974653244
-0.055421046912670135
-0.012361234985291958
0.03246871754527092
-0.05891299992799759
-0.03541507571935654
-0.010849308222532272
-0.33818042278289795
-0.24986906349658966
-0.24546656012535095
-0.11238374561071396
-0.1814567744731903
0.16458484530448914
-0.15281224250793457
-0.21946682035923004
0.4071674942970276
0.07194539159536362
-0.08844681084156036
0.11940617114305496
-0.2238113284111023
0.01576654613018036
0.04969154670834541
-0.18201377987861633
0.11492815613746643
-0.03870626911520958
0.015029994770884514
0.017494264990091324
-0.0029984673019498587
0.036932144314050674
0.04932204633951187
0.022094901651144028
0.017954375594854355
0.054114945232868195
0.01810695417225361
-0.11367557942867279
-0.012423939071595669
-0.059332672506570816
-0.04427676647901535
0.09793458133935928
-0.08412496745586395
-0.1566871702671051
0.3579617440700531
0.15795902907848358
0.018156778067350388
0.05324316397309303
0.044951558113098145
-0.018918758258223534
0.006175054237246513
-0.04729287326335907
0.010629470460116863
-0.03417987748980522
0.019511764869093895
-0.29975125193595886
-0.1522369235754013
-0.11214760690927505
-0.0821208581328392
0.19189804792404175
0.11971879005432129
-0.000804318580776453
0.12796667218208313
-0.016271810978651047
-0.02190971001982689
-0.0031355498358607292
-0.016193220391869545
0.024897577241063118
0.0029084065463393927
0.01853829436004162
0.010604160837829113
-0.03579501062631607
0.03715929761528969
-0.08616243302822113
-0.12870436906814575
0.1827096790075302
-0.2039455771446228
-0.08593792468309402
0.10716259479522705
-0.11588601022958755
0.21561942994594574
0.08126416057348251
0.01448691077530384
-0.21636377274990082
-0.058155350387096405
-0.13070513308048248
-0.12335135787725449
-0.3644745647907257
-0.2519914507865906
0.007308165077120066
-0.34569358825683594
-0.2204003632068634
-0.16225630044937134
-0.4300130307674408
-0.12442261725664139
-0.08740074932575226
-0.1811848133802414
-0.14680829644203186
-0.30848848819732666
-0.0741659477353096
-0.31477266550064087
-0.21857798099517822
0.09641626477241516
-0.3378390967845917
-0.20722457766532898
0.18704615533351898
-0.21536310017108917
-0.02942933887243271
-0.15766268968582153
-0.03768787905573845
0.024412846192717552
-0.013236604630947113
0.0501006543636322
-0.046177491545677185
0.05518292635679245
0.00884472019970417
-0.024528060108423233
-0.012732899747788906
-0.41783827543258667
-0.25023069977760315
0.09894518554210663
-0.12855422496795654
0.35415980219841003
-0.03261939063668251
-0.2089998573064804
0.04199840500950813
0.035073380917310715
-0.059458546340465546
-0.12196020781993866
-0.2330978661775589
-0.4318467974662781
-0.3765282928943634
-0.35452964901924133
-0.23548640310764313
-0.29329589009284973
-0.05017875134944916
-0.10110137611627579
-0.10986414551734924
0.1476415991783142
-0.22881242632865906
0.15717066824436188
0.05824601650238037
-0.24520908296108246
-0.24746018648147583
0.13697965443134308
0.01781589165329933
-0.34766459465026855
0.17021223902702332
0.03120136819779873
-0.04041428864002228
0.4301050305366516
-0.07484905421733856
0.12597136199474335
0.18106123805046082
0.0430026575922966
-0.07141049951314926
0.32227471470832825
0.036456234753131866
-0.11651207506656647
0.20291557908058167
-0.03595227375626564
0.27362439036369324
-1.2619776725841803e-06
0.061600375920534134
0.014075983315706253
0.11986744403839111
-0.09739771485328674
-0.028543483465909958
0.1037333682179451
0.01729721575975418
0.2231823056936264
0.22321143746376038
-0.11302019655704498
0.04578219726681709
-0.002556354273110628
0.14700016379356384
-0.17028366029262543
0.0945788100361824
-0.03948795422911644
0.11995159834623337
0.17816463112831116
-0.11544384807348251
-0.20994572341442108
-0.488020122051239
-0.15515603125095367
-0.38252100348472595
-0.43654313683509827
-0.005601939745247364
-0.4620148241519928
-0.41169092059135437
-0.4787735342979431
0.007461573928594589
0.09067323803901672
0.2647664248943329
0.09755337983369827
0.013587101362645626
0.479800283908844
0.11980250477790833
0.19826041162014008
0.21476513147354126
0.03435215353965759
0.0417744480073452
-0.0324200801551342
0.01741432584822178
0.007987024262547493
-0.0568682923913002
-0.0004758028080686927
0.042416758835315704
0.044407233595848083
-0.010857030749320984
0.2278539389371872
0.058188728988170624
-0.14691315591335297
0.17688047885894775
0.24289683997631073
0.11237264424562454
0.31394532322883606
0.13816609978675842
0.19143909215927124
0.27755460143089294
0.284066379070282
-0.049497079104185104
-0.001503234263509512
0.4249870479106903
-0.13708193600177765
0.0914955884218216
0.06133795529603958
-0.1313319206237793
-0.20701763033866882
-0.33915406465530396
-0.2410842925310135
-0.16611339151859283
-0.27468955516815186
-0.652714729309082
-0.16161461174488068
-0.324828177690506
-0.12119165062904358
-0.18265864253044128
-0.44785234332084656
-0.19377772510051727
-0.05587410926818848
-0.305393248796463
-0.4021954834461212
-0.09965594112873077
0.03358905762434006
0.30977943539619446
0.07834012061357498
0.13843627274036407
0.32060855627059937
0.15520313382148743
-0.06381423771381378
0.5369482636451721
0.1796167641878128
-0.1904052048921585
-0.021670473739504814
0.0783117339015007
0.023311689496040344
-0.033584125339984894
0.0636698305606842
-0.3144358694553375
-0.0019697013776749372
0.16315554082393646
-0.4522116780281067
-0.38385525345802307
-0.18109741806983948
-0.149489626288414
-0.29149776697158813
-0.27660709619522095
-0.38472995162010193
-0.19598598778247833
-0.0022218425292521715
-0.13933950662612915
-0.431670218706131
0.04210975393652916
0.007920490577816963
-0.09618137031793594
0.06492263078689575
-0.18598897755146027
0.1279752403497696
-0.17507998645305634
-0.15753260254859924
0.415515661239624
0.31573107838630676
0.4659065306186676
0.3196812868118286
0.09907229244709015
-0.32207271456718445
0.3362475335597992
-0.033297281712293625
-0.5558710694313049
0.04165349900722504
0.015252930112183094
0.032553065568208694
0.039701852947473526
-0.05362299829721451
-0.005537182558327913
0.026525694876909256
-0.0053361281752586365
-0.05554821714758873
0.4646281599998474
0.28038954734802246
0.03278558328747749
0.1415732055902481
0.2677823603153229
-0.4007503390312195
0.3916967809200287
-0.23205029964447021
-0.7153005003929138
-0.04359329864382744
-0.0623379647731781
-0.19048386812210083
0.050983067601919174
-0.008484097197651863
0.32913756370544434
-0.20193859934806824
0.11078794300556183
0.28108400106430054
-0.05401517078280449
0.009342902339994907
-0.022019311785697937
0.04914020374417305
0.03874601796269417
0.042806293815374374
0.023175716400146484
-0.006871369201689959
0.020484892651438713
-0.009260738268494606
0.43401578068733215
0.38644644618034363
0.3165126442909241
0.38937893509864807
-0.04855857416987419
0.08363771438598633
0.09345114976167679
-0.33839452266693115
0.021463394165039062
-0.008878739550709724
0.05267835408449173
-0.0366138257086277
-0.01015389896929264
-0.009976285509765148
0.023564521223306656
-0.0002739264164119959
0.0003889592189807445
-0.21215540170669556
0.017576800659298897
-0.039910875260829926
0.11079631745815277
0.017708923667669296
-0.1706920564174652
0.17788763344287872
-0.1474461853504181
-0.13897432386875153
0.024394258856773376
-0.04406462982296944
0.04873276874423027
-0.05228839069604874
0.04783836379647255
-0.01807502657175064
-0.03165001422166824
-0.0516897514462471
-0.04178966209292412
0.2292257845401764
-0.03053809329867363
-0.02628709189593792
0.08227143436670303
0.12912265956401825
0.0765109583735466
0.49388179183006287
0.26694008708000183
0.23744575679302216
-0.010429221205413342
-0.3914784789085388
-0.3027159869670868
-0.17942149937152863
-0.4456772208213806
-0.504942774772644
-0.3757990598678589
-0.18266142904758453
-0.2563905417919159
-0.07497332245111465
0.18322142958641052
-0.2941506505012512
-0.5233141779899597
-0.5154951810836792
-0.40725213289260864
-0.27223533391952515
-0.22269921004772186
-0.03699231147766113
-0.25618869066238403
-0.07979290187358856
0.2034814953804016
-0.4937422275543213
0.04798980802297592
0.2601998448371887
-0.2721844017505646
0.07894809544086456
0.1557987630367279
-0.05095186084508896
0.02627565898001194
-0.030148709192872047
-0.010805616155266762
0.017761889845132828
-0.05388482287526131
0.05629968270659447
0.027373360469937325
0.015242014080286026
-0.04138939082622528
0.005981236230581999
0.025644131004810333
0.015957651659846306
-0.22833256423473358
-0.21443480253219604
0.18655094504356384
0.09013517200946808
-0.13490767776966095
0.03463739529252052
0.05705053359270096
-0.44982126355171204
-0.45833730697631836
0.16018597781658173
-0.6023992300033569
-0.6455202698707581
-0.1188511922955513
0.08189120888710022
0.09178098291158676
-0.12914256751537323
-0.15702314674854279
0.2837282419204712
-0.10598219931125641
-0.17704324424266815
0.07234719395637512
0.13296999037265778
-0.14406059682369232
0.34648266434669495
0.5494587421417236
0.24543198943138123
0.47701188921928406
0.4039292335510254
0.07598285377025604
0.28408268094062805
0.13932901620864868
-0.17050950229167938
0.09030357748270035
0.16014891862869263
-0.01626046560704708
0.16935887932777405
0.115326888859272
-0.07796303927898407
0.31538644433021545
-0.20609579980373383
-0.08431552350521088
0.0812530443072319
-0.06551565229892731
0.14172714948654175
-0.005708265118300915
-0.20336779952049255
-0.08959123492240906
-0.1240677535533905
-0.047019507735967636
-0.41227632761001587
0.02569378726184368
0.27430158853530884
-0.04243454709649086
0.033503711223602295
-0.048059456050395966
0.23365913331508636
-0.038133248686790466
-0.03448572754859924
0.19996346533298492
-0.5180129408836365
-0.2514464855194092
-0.6417275071144104
-0.32150641083717346
-0.49620288610458374
-0.6952624917030334
-0.11763857305049896
-0.45347118377685547
-0.2870233654975891
-0.1803247481584549
-0.7558081746101379
-0.19923105835914612
0.07728260010480881
-0.4295305609703064
0.11475484818220139
0.06810956448316574
-0.0920269638299942
0.10436110198497772
-0.25747010111808777
-0.013394408859312534
0.02835763618350029
0.0413474477827549
0.02972962148487568
0.033280450850725174
-0.005024880636483431
0.0012087856885045767
0.04924605041742325
0.029575083404779434
-0.6464486122131348
-0.35690757632255554
-0.24004724621772766
-0.18450164794921875
-0.3191593885421753
-0.20934392511844635
-0.25373682379722595
-0.03299502655863762
-0.10736319422721863
-0.4353990852832794
-0.19481593370437622
0.08107130974531174
-0.41779786348342896
0.007090117782354355
0.008027643896639347
-0.18858753144741058
-0.07290100306272507
-0.3585700988769531
-0.2432495653629303
-0.3261432349681854
-0.3143535554409027
-0.06301875412464142
0.38801175355911255
0.2392965406179428
0.12978023290634155
0.4183061122894287
0.4817905128002167
-0.15166234970092773
-0.3348613977432251
-0.7512041330337524
0.003146860748529434
-0.13015371561050415
0.06861293315887451
0.016966592520475388
-0.2143181562423706
-0.15413887798786163
-0.24728968739509583
-0.08878456801176071
0.0016074065351858735
-0.2606452703475952
-0.04670672491192818
0.0450809970498085
-0.24445106089115143
0.22107818722724915
0.2157737761735916
-0.3965160548686981
-0.22055105865001678
0.11428948491811752
-0.18781150877475739
-0.14116957783699036
-0.043339189141988754
-0.2031680941581726
-0.05883413925766945
-0.06770379841327667
-0.10685905814170837
-0.13069573044776917
-0.1956394761800766
0.05998173728585243
-0.3923758864402771
0.03961890935897827
-0.2555713951587677
-0.1606212556362152
-0.02996913343667984
-0.26866811513900757
-0.2545134723186493
0.46914738416671753
-0.3025459945201874
0.014093656092882156
0.12479714304208755
-0.25476694107055664
0.14362762868404388
0.2148328423500061
0.17040200531482697
0.25088855624198914
0.07927168905735016
-0.014254714362323284
0.026695020496845245
-0.06189243867993355
-0.4757002294063568
0.023358890786767006
0.24203908443450928
-0.040097057819366455
0.04649841785430908
-0.03015446849167347
0.05516839772462845
0.022117843851447105
-0.012534086592495441
-0.034091413021087646
-0.04005557298660278
0.03328663855791092
-0.2677377462387085
-0.046456966549158096
0.003951658494770527
0.10676481574773788
-0.1398264318704605
-0.17160871624946594
-0.15684117376804352
0.016191720962524414
0.09792901575565338
-0.1069122701883316
0.018384406343102455
-0.10460923612117767
-0.22044439613819122
0.033935029059648514
0.024180186912417412
0.010604212060570717
0.03729071468114853
0.37452083826065063
-0.04799848049879074
-0.03527411073446274
-0.05380765348672867
0.0515664778649807
0.014484185725450516
-0.0434841625392437
0.00383395841345191
-0.04915947467088699
0.02206452190876007
-0.24867604672908783
-0.3654891848564148
0.17855097353458405
-0.15418106317520142
-0.14665403962135315
0.2605276107788086
-0.31485041975975037
-0.13844087719917297
0.3715073764324188
-0.04861102253198624
-0.057599280029535294
-0.05752267315983772
0.0526060052216053
-0.045558128505945206
-0.016701314598321915
0.036924298852682114
-0.014287310652434826
0.00329600996337831
0.05938992649316788
0.07881385087966919
0.3228473663330078
-0.06687455624341965
0.10538245737552643
0.14824390411376953
-0.19490845501422882
0.150112122297287
0.24978278577327728
-0.032311487942934036
0.03428357467055321
0.01350234542042017
-0.015308507718145847
-0.00681426003575325
0.01603212021291256
-0.04729254171252251
-0.0073560504242777824
0.0133279487490654
-0.038394831120967865
0.06020831689238548
-0.06775978207588196
-0.13319523632526398
0.13498440384864807
-0.19839680194854736
-0.10181368887424469
-0.02084892988204956
0.08008041977882385
-0.23451301455497742
-0.38852134346961975
-0.17156027257442474
-0.26519787311553955
-0.23790337145328522
-0.35702982544898987
-0.0012550200335681438
0.196089968085289
0.17778684198856354
-0.19422094523906708
-0.33824965357780457
-0.1808120608329773
-0.15525445342063904
-0.2287372499704361
0.05122967064380646
-0.22702203691005707
-0.4397489130496979
-0.3757784068584442
0.04321141913533211
-0.4596007466316223
-0.2131900042295456
-0.35987478494644165
-0.3654729723930359
0.15178468823432922
-0.44761794805526733
-0.3318554759025574
-0.24701836705207825
0.003050666069611907
0.02491329051554203
-0.04470701143145561
-0.03646878898143768
0.005854316521435976
0.011013167910277843
0.05368342995643616
0.021197069436311722
0.026500694453716278
0.07107286900281906
-0.07952070981264114
0.1864667683839798
0.006957187317311764
0.12866103649139404
0.09711889177560806
0.2323601245880127
0.0818803459405899
0.14467288553714752
-0.36777248978614807
-0.12583406269550323
-0.3459216058254242
-0.11047636717557907
0.08922498673200607
-0.05047698691487312
-0.0033525172621011734
-0.07986745983362198
2.9455823096213862e-05
-0.1328822523355484
-0.08987554907798767
-0.44790664315223694
0.04844336584210396
-0.26928240060806274
0.1877872496843338
-0.3604999780654907
-0.3535618185997009
0.15445099771022797
0.021305955946445465
-0.06654439121484756
0.15162329375743866
0.2638663351535797
-0.051550641655921936
-0.013668913394212723
-0.08153016120195389
-0.2328350692987442
0.21042728424072266
-0.1682659536600113
0.05273152515292168
0.23089173436164856
-0.11193285882472992
0.19456803798675537
0.28691938519477844
0.18040475249290466
-0.014747295528650284
0.6644327640533447
-0.185076504945755
-0.0075571173802018166
0.23055565357208252
-0.1789541244506836
0.10860125720500946
0.17712251842021942
-0.13367845118045807
0.24762022495269775
0.17644768953323364
0.0489606074988842
0.0499274767935276
-0.05838128551840782
0.14933983981609344
0.323045015335083
0.1165972575545311
-0.020369844511151314
-0.031347423791885376
0.17708942294120789
0.03466136008501053
-0.027883823961019516
-0.24263200163841248
-0.2778022587299347
0.21236200630664825
-0.3473387360572815
-0.2199004888534546
-0.26296675205230713
-0.22006236016750336
-0.3081742823123932
-0.05052291974425316
-0.03275974467396736
0.1623867303133011
-0.33745577931404114
0.0061106388457119465
-0.4432828724384308
-0.3852538466453552
-0.14283904433250427
-0.071427121758461
0.04363543167710304
-0.04426479712128639
0.019891977310180664
0.00976138561964035
0.009238701313734055
-0.042001597583293915
0.011116870678961277
-0.05340078845620155
0.008331912569701672
0.05479184538125992
-0.253373384475708
-0.20572420954704285
-0.23582452535629272
-0.09262481331825256
0.23078449070453644
-0.12362635135650635
0.05686330795288086
0.6077983975410461
0.011454747058451176
0.021805603057146072
-0.022855572402477264
-0.34960439801216125
-0.19332720339298248
0.0054865735583007336
-0.09660106897354126
-0.055479567497968674
-0.1081405058503151
-0.3267119824886322
-0.25899264216423035
-0.0034243816044181585
-0.12731808423995972
-0.14504499733448029
-0.3189520537853241
0.23118580877780914
-0.1907622069120407
0.35235166549682617
0.10970868170261383
0.22686268389225006
0.44994446635246277
-0.1514313966035843
0.28936660289764404
0.45509055256843567
0.06842599809169769
-0.3021009564399719
-0.13100272417068481
-0.06141475588083267
0.12264354526996613
0.16696082055568695
0.19826452434062958
0.6464728116989136
0.49966666102409363
0.09338276833295822
0.24924452602863312
0.47493740916252136
-0.5273935198783875
-0.4776051640510559
-0.3696739673614502
-0.3420814275741577
-0.2582380771636963
-0.45639657974243164
-0.060265764594078064
0.37851259112358093
0.16164915263652802
-0.27264848351478577
-0.30253681540489197
0.15530870854854584
-0.15739576518535614
-0.2537073791027069
0.29929810762405396
-0.11754390597343445
-0.1682603657245636
-0.11911780387163162
-0.30293920636177063
-0.37585869431495667
0.03209567442536354
-0.3571222722530365
-0.09789201617240906
0.5305411219596863
0.06630346924066544
-0.12343121320009232
0.06331169605255127
-0.6472603678703308
-0.411319375038147
0.11747828125953674
-0.3408626914024353
0.11411692202091217
-0.06365925073623657
0.04742208495736122
0.1263793408870697
-0.25353434681892395
-0.052710410207509995
0.030452650040388107
0.017457323148846626
-0.046722203493118286
0.04252493381500244
-0.02919338084757328
0.05798294395208359
-0.045742783695459366
-0.03424075245857239
-0.6423132419586182
-0.1328348070383072
0.4744473099708557
-0.34682127833366394
0.5726059675216675
0.31131118535995483
-0.2619592547416687
0.2092098891735077
-0.06438088417053223
0.052273429930210114
0.02052178792655468
-0.03423496335744858
-0.14364971220493317
-0.14954873919487
0.17023158073425293
0.19166766107082367
0.026243146508932114
0.2333838790655136
0.03547392040491104
0.05248742178082466
0.028217490762472153
-0.04697664454579353
0.03174076974391937
0.03350182622671127
-0.012095696292817593
-0.0031787785701453686
0.02907736413180828
-0.4203060567378998
-0.7110891342163086
-0.15263965725898743
-0.4686259329319
0.11350574344396591
0.461239755153656
-0.4265967905521393
0.01736300066113472
0.07142902910709381
-0.008301833644509315
0.054184943437576294
0.058245833963155746
0.007081134244799614
-0.05151936784386635
0.016467828303575516
-0.032122205942869186
0.0011079703690484166
0.013042313978075981
-0.4336654543876648
-0.03848854824900627
0.19784915447235107
-0.21914532780647278
0.6607726812362671
0.6488970518112183
-0.11984842270612717
0.12351546436548233
0.3284144997596741
0.008751483634114265
-0.005185207352042198
0.04874304682016373
-0.050828803330659866
-0.01556544192135334
0.013259545899927616
-0.004684959538280964
0.01607329770922661
-0.05818357691168785
0.014522304758429527
0.22778066992759705
-0.1591976433992386
-0.31234148144721985
-0.12946836650371552
0.1552845984697342
-0.5593541264533997
-0.24863459169864655
-0.13408257067203522
-0.1590902954339981
-0.30228191614151
-0.39282092452049255
0.09258073568344116
-0.11175235360860825
-0.3743516206741333
0.20819908380508423
-0.11588384956121445
0.19875934720039368
-0.44249385595321655
-0.19362594187259674
0.12132716923952103
0.03684064745903015
-0.10250699520111084
0.30351242423057556
0.059404157102108
-0.0469571091234684
-0.08160668611526489
-0.0256417877972126
-0.2712140381336212
-0.5651320815086365
-0.39156293869018555
-0.12983651459217072
-0.19674384593963623
-0.19464845955371857
-0.226695716381073
0.2905292212963104
0.05360657721757889
0.053724151104688644
0.01783405989408493
-0.050293173640966415
0.012273604981601238
-0.006381194572895765
-0.0524139478802681
0.005828958470374346
-0.044479284435510635
0.09369608759880066
-0.11079475283622742
-0.0944419726729393
0.31460946798324585
-0.052101895213127136
0.14547178149223328
-0.2839614152908325
-0.20698140561580658
0.30299708247184753
-0.08807964622974396
0.08760731667280197
0.18527846038341522
0.0116354301571846
0.049550190567970276
0.26507166028022766
0.2573552429676056
-0.037140700966119766
-0.14526993036270142
0.19620256125926971
0.06850823014974594
-0.11939168721437454
-0.03151349350810051
-0.043213389813899994
0.12082763016223907
-0.25873634219169617
-0.25043413043022156
-0.007447359152138233
-0.18278993666172028
-0.5530095100402832
-0.14992870390415192
-0.4123450517654419
-0.2669660449028015
0.23711299896240234
-0.4449804127216339
-0.06023213639855385
-0.46210694313049316
-0.21954891085624695
-0.30492961406707764
-0.12549954652786255
-0.2249855399131775
0.001250196248292923
-0.11146370321512222
0.0529346838593483
0.09134938567876816
0.08903537690639496
0.09439641982316971
-0.34864938259124756
-0.18887697160243988
-0.06565116345882416
-0.045317381620407104
0.3455105423927307
-0.11017533391714096
0.2813274562358856
0.06132561340928078
-0.05827788636088371
-0.1117483377456665
-0.04749634116888046
-0.06870633363723755
-0.23612652719020844
-0.035674791783094406
-0.02164434641599655
-0.28182315826416016
-0.0661725178360939
-0.3672671914100647
0.009276185184717178
0.2403840869665146
-0.16561180353164673
0.12069282680749893
0.3047928810119629
0.1515873521566391
-0.019428472965955734
0.03564891219139099
0.3664150536060333