0.02973587065935135
0.17223937809467316
-0.12844043970108032
0.006777205970138311
-0.03436944633722305
-0.034324876964092255
-0.09319111704826355
0.16533023118972778
0.11735061556100845
-0.045254189521074295
0.02403433248400688
0.015433501452207565
0.03848683089017868
0.020838124677538872
0.030161205679178238
-0.006728034932166338
0.009382225573062897
0.030682427808642387
-0.375564843416214
-0.09604442119598389
0.06284458190202713
-0.2780967354774475
-0.14092446863651276
0.1975480616092682
-0.02404715307056904
0.07175072282552719
0.24531289935112
-0.11530622094869614
-0.32809385657310486
-0.08690281957387924
0.1516377031803131
-0.13788583874702454
0.22470340132713318
0.3016452193260193
0.14303620159626007
0.015422578901052475
0.05011405795812607
-0.29983052611351013
-0.2920360267162323
-0.4316905736923218
-0.3857995271682739
-0.10588550567626953
-0.11363109946250916
-0.03128669410943985
-0.22660858929157257
0.00379082839936018
-0.12501753866672516
-0.2512332499027252
0.12655310332775116
0.06772474199533463
-0.2792621850967407
-0.10422830283641815
-0.13528096675872803
0.21620342135429382
-0.11079657822847366
0.2677356004714966
0.1451031118631363
0.038791388273239136
0.20300045609474182
-0.13282570242881775
0.43169471621513367
0.267001748085022
-0.02154299058020115
-0.3023628890514374
-0.1928691416978836
-0.1755935400724411
-0.1462484896183014
-0.43260809779167175
-0.2563616633415222
0.18243969976902008
-0.11247365176677704
-0.5083802342414856
-0.3019099533557892
-0.031998902559280396
-0.018992600962519646
0.006312123499810696
-0.006399400997906923
-0.12428838759660721
0.008387379348278046
-0.029111618176102638
-0.19051536917686462
-0.09839905053377151
-0.05683391913771629
0.10681167244911194
0.10996469855308533
0.2586379051208496
-0.20995910465717316
-0.1777288317680359
-0.13752423226833344
-0.31185993552207947
0.02949058637022972
0.22988998889923096
0.11946574598550797
0.2169378399848938
-0.20994065701961517
0.10857856273651123
0.4478898048400879
-0.02031945437192917
-0.6756294369697571
0.023441191762685776
-0.05568339675664902
-0.03837474063038826
0.0520225428044796
-0.058015916496515274
0.01137139555066824
0.008818743750452995
0.03701086342334747
0.002292107092216611
0.006679224316030741
0.2709011137485504
0.17398865520954132
0.33946725726127625
-0.18054185807704926
-0.313981831073761
0.003636592999100685
-0.5476399064064026
-0.11920305341482162
-0.05748211219906807
0.13068467378616333
0.059056513011455536
0.02091757394373417
0.06392557919025421
0.03257230296730995
0.06310578435659409
0.22046484053134918
0.19646474719047546
-0.0042581032030284405
-0.03574233129620552
-0.0045649390667676926
-0.006356545723974705
0.050270359963178635
-0.01825087144970894
-0.03125213459134102
0.05005203187465668
-0.02405809611082077
-0.3029601573944092
-0.03422672674059868
-0.04315940663218498
0.007790068164467812
0.3100133538246155
-0.06627961993217468
0.2667841911315918
0.19413062930107117
-0.03923650085926056
-0.035071924328804016
0.0297252107411623
0.049758248031139374
0.0039620003663003445
0.019605709239840508
0.05406646057963371
-0.01999402977526188
0.005383164156228304
0.043595634400844574
-0.1946043074131012
0.031188655644655228
0.09452523291110992
0.7721574306488037
0.07418242841959
-0.018740393221378326
0.16548269987106323
0.08516688644886017
-0.1777115911245346
0.020974021404981613
-0.0007293090457096696
0.05673503130674362
-0.035375192761421204
0.032506853342056274
-0.04457380622625351
-0.04545704647898674
-0.03228624910116196
0.03442240506410599
0.26650047302246094
0.04212280362844467
0.08241129666566849
0.3841761350631714
0.39611244201660156
-0.06973198801279068
0.15214338898658752
0.39910072088241577
0.3258627951145172
-0.16557921469211578
-0.4113893210887909
-0.1355174332857132
-0.4612431526184082
-0.7506123781204224
-0.3219348192214966
-0.04287992790341377
0.09398055821657181
0.009290770627558231
-0.11067313700914383
0.478520929813385
-0.03891010209918022
-0.1709844022989273
-0.33776840567588806
-0.004947146866470575
-0.016565285623073578
-0.3205189108848572
-0.20294742286205292
-0.15177609026432037
-0.507269561290741
-0.18615010380744934
0.10318920761346817
0.28262388706207275
-0.014144912362098694
0.08923093974590302
0.2691555321216583
0.11149920523166656
0.015894068405032158
-0.007187266834080219
-0.00853008683770895
-0.01914873905479908
0.023083696141839027
-0.04093603417277336
0.05857768654823303
-0.011180982924997807
-0.000703613564837724
-0.020052315667271614
0.16510649025440216
-0.07681676000356674
0.0880969688296318
0.0863659530878067
-0.38084176182746887
-0.0035580135881900787
-0.09780868142843246
-0.04896998405456543
0.1888401061296463
0.08590514957904816
-0.34640634059906006
-0.2570878267288208
-0.1608419120311737
-0.12530070543289185
-0.33106574416160583
-0.31533873081207275
-0.404468297958374
-0.07773131132125854
-0.1907823383808136
-0.16587510704994202
0.03505052253603935
0.06734205782413483
0.027982819825410843
-0.0017348140245303512
0.36461329460144043
0.23209258913993835
-0.05933791399002075
-0.11997528374195099
-0.08204877376556396
-0.19851166009902954
-0.19931483268737793
0.08287844061851501
0.4665471613407135
0.22001491487026215
-0.13037674129009247
0.23929864168167114
0.045304711908102036
-0.18975384533405304
-0.11636336892843246
-0.0826411247253418
-0.3152530789375305
0.02212582342326641
0.4433044195175171
-0.023461006581783295
-0.24692998826503754
-0.10205129534006119
-0.0918651893734932
-0.11721692234277725
-0.18191874027252197
-0.08977356553077698
0.16642504930496216
-0.09035947918891907
0.03505845367908478
0.09900465607643127
-0.10391532629728317
0.047174591571092606
0.11455202102661133
-0.18212886154651642
0.14215686917304993
-0.2242990881204605
-0.16347289085388184
-0.2924696207046509
-0.10589782148599625
0.07108787447214127
-0.034049708396196365
-0.19078251719474792
-0.37483030557632446
-0.5674372315406799
-0.6738954782485962
-0.46102213859558105
-0.41250044107437134
-0.05593385547399521
-0.4375671446323395
-0.20010462403297424
-0.5354675650596619
-0.516348659992218
-0.37439408898353577
-0.4341967701911926
-0.2044394165277481
-0.6895492076873779
-0.9050785899162292
0.015572438947856426
0.025737233459949493
-0.05561921000480652
0.030717290937900543
-0.000510054116602987
-0.013893076218664646
-0.042372412979602814
-0.0021298278588801622
-0.03868348151445389
-0.15280352532863617
-0.39994707703590393
-0.40563783049583435
0.2072623372077942
-0.011312445625662804
-0.29320237040519714
0.12071187049150467
-0.06154409795999527
-0.11401312053203583
-0.11762543767690659
-0.01839430443942547
-0.33001646399497986
-0.16067270934581757
0.04606785997748375
-0.30359840393066406
0.11000742763280869
-0.24988536536693573
-0.8926798701286316
0.09472450613975525
-0.29600101709365845
-0.156803160905838
0.09557081758975983
-0.06517202407121658
-0.23735594749450684
0.20661921799182892
0.6021495461463928
0.3539332151412964
-0.056524742394685745
-0.3007238507270813
0.16882196068763733
-0.11115393042564392
0.23924478888511658
0.08198688179254532
-0.1757117360830307
-0.04042503237724304
0.27022987604141235
-0.07203742861747742
-0.11108928173780441
-0.0013201488181948662
-0.07913102209568024
0.009430880658328533
0.08683149516582489
-0.11226169764995575
0.018212581053376198
0.18811674416065216
-0.42188212275505066
-0.31663283705711365
-0.36465969681739807
-0.2846525311470032
-0.09908167272806168
-0.0476030632853508
0.34681862592697144
0.11241381615400314
0.28008875250816345
0.3617536425590515
0.19404220581054688
0.05958618223667145
-0.06330058723688126
0.13892874121665955
0.19771243631839752
-0.5100544691085815
-0.2710637152194977
0.11462650448083878
0.06423179805278778
0.10463523119688034
0.037832412868738174
-0.1554865539073944
0.026974448934197426
0.08258558809757233
-0.4370320737361908
-0.43410423398017883
0.050435133278369904
-0.0316389799118042
-0.2928069531917572
-0.1726309061050415
-0.30080559849739075
-0.7440478205680847
-0.41572004556655884
-0.7666129469871521
-0.12282771617174149
-0.3107028901576996
-0.045793406665325165
-0.0070877233520150185
0.034403152763843536
0.0100431302562356
0.002922125393524766
0.024846818298101425
0.0303592961281538
-0.018997501581907272
0.05752399191260338
0.15407998859882355
-0.20576262474060059
0.08456072956323624
-0.41053998470306396
-0.64246666431427
-0.17173722386360168
-0.502232551574707
-0.6019310355186462
-0.6482349634170532
0.06296192109584808
0.16685418784618378
0.004566341172903776
-0.1703752726316452
-0.022970758378505707
-0.23462358117103577
0.14439143240451813
-0.05018755421042442
0.04793952777981758
-0.043391887098550797
0.02066904678940773
0.04930596798658371
-0.054434388875961304
-0.02545393630862236
-0.05841636657714844
0.050987910479307175
-0.009751986712217331
0.05652889236807823
-0.0890716165304184
-0.317192018032074
-0.04650723934173584
0.07627465575933456
0.0449213869869709
0.15667812526226044
-0.3756100535392761
-0.12189313769340515
0.2625121772289276
0.050825510174036026
-0.04440821707248688
0.012668549083173275
-0.012179912067949772
-0.05777139589190483
0.026620475575327873
-0.05003545433282852
-0.04231946915388107
0.024634918197989464
-0.16591377556324005
0.027238059788942337
0.13432179391384125
0.049746349453926086
-0.057567011564970016
0.10284945368766785
-0.5430312752723694
-0.08772913366556168
-0.019411010667681694
0.020181410014629364
0.00043686231947503984
-0.011554460041224957
-0.05729692056775093
0.038050577044487
0.00584600493311882
-0.004679718986153603
0.045976825058460236
0.02776019088923931
-0.2544110417366028
0.025075558573007584
-0.12488728761672974
-0.4283299744129181
-0.2409907430410385
-0.31963393092155457
-0.3412781059741974
-0.43624040484428406
-0.12587913870811462
-0.47875362634658813
-0.2314317524433136
-0.017216084524989128
-0.13254272937774658
-0.10295615345239639
0.011217767372727394
0.19251342117786407
0.04430977255105972
0.07657608389854431
0.21299608051776886
0.08454392105340958
0.2585933208465576
0.06375399231910706
0.012292847968637943
0.05752415955066681
-0.48928529024124146
-0.1349308341741562
0.277161568403244
-0.14361093938350677
-0.18244527280330658
-0.14066268503665924
0.03231853246688843
-0.05383339151740074
0.010657831095159054
-0.20976997911930084
-0.10744217783212662
-0.08132077008485794
0.020163003355264664
-0.009166405536234379
0.029200270771980286
-0.026890462264418602
0.0317673496901989
-0.007742917165160179
0.018122000619769096
-0.013106637634336948
0.04799099266529083
0.2308836132287979
0.12319760769605637
0.08309075981378555
-0.38358861207962036
-0.18632371723651886
-0.3018973469734192
-0.1306198090314865
-0.22042669355869293
-0.10399116575717926
0.06467386335134506
-0.13576170802116394
0.09505672007799149
0.016233844682574272
-0.1145753338932991
-0.2499622404575348
-0.34755223989486694
-0.03826875984668732
0.2378939390182495
-0.0014335776213556528
-0.21765191853046417
0.0906497910618782
0.1730564385652542
0.20638243854045868
-0.044403091073036194
-0.16066734492778778
0.18271541595458984
0.0486295185983181
-0.1217859759926796
-0.3862878978252411
-0.12278340011835098
-0.11093079298734665
-0.2890496253967285
0.015538874082267284
-0.46176573634147644
-0.21608904004096985
0.104206882417202
-0.06632233411073685
-0.3280712068080902
-0.20030030608177185
0.05207585170865059
-0.15201345086097717
-0.16374318301677704
-0.11737345904111862
0.4314504861831665
0.32634174823760986
-0.04725724831223488
-0.014640863984823227
-0.12714888155460358
0.1019170805811882
0.08599423617124557
0.059347059577703476
0.15645010769367218
0.22203591465950012
0.33947595953941345
-0.21173089742660522
-0.15977054834365845
-0.05216692015528679
0.08561407029628754
-0.11121880263090134
0.051989831030368805
0.07989418506622314
0.10649167746305466
0.220827117562294
0.20840224623680115
0.35168275237083435
0.24320615828037262
-0.010569706559181213
-0.04473520815372467
0.06764186173677444
-0.1722940057516098
-0.22296445071697235
0.008819464594125748
-0.4096043109893799