-0.7416837811470032
-0.7440465092658997
-0.9166244268417358
0.002603136468678713
0.20154768228530884
0.31241583824157715
0.6998045444488525
0.6375699043273926
0.36705389618873596
0.6332837343215942
-0.30545565485954285
0.31534072756767273
0.49652203917503357
-0.17133203148841858
0.11605669558048248
0.3017391562461853
0.06814215332269669
0.5925574898719788
0.05140833556652069
-0.19181698560714722
-0.008483408018946648
0.1600031703710556
-0.2324790507555008
-0.027187591418623924
0.17098332941532135
0.45968425273895264
-0.6471125483512878
-0.343449205160141
-0.13280805945396423
-0.29366835951805115
0.5127729177474976
0.10326030105352402
-0.24800723791122437
0.29137709736824036
0.1421724408864975
-0.44621968269348145
0.5364288091659546
0.11517173051834106
-0.4027983546257019
-0.13811688125133514
-0.4221453368663788
0.19331587851047516
0.5045906901359558
-0.32993724942207336
0.6458362936973572
0.2859066128730774
0.12473004311323166
0.6731189489364624
0.35299092531204224
-0.09221018850803375
-0.2416498064994812
-0.05568030849099159
-0.6555677652359009
-0.4819941818714142
-0.5402963161468506
0.1405792385339737
-0.38936343789100647
-0.5782018303871155
0.004981270991265774
-0.16978459060192108
-0.22432468831539154
0.6925371885299683
0.9791134595870972
-0.34096911549568176
0.5031685829162598
0.5868175029754639
-0.774715006351471
-0.3489374816417694
-0.077986940741539
0.6260921955108643
-0.21873216331005096
0.6549249291419983
0.05872069299221039
0.26865482330322266
0.3574235141277313
-0.3358391225337982
0.3285145163536072
0.06889217346906662
-0.37592649459838867
0.2359929382801056