-0.7637433409690857
-0.2456858903169632
-0.24772986769676208
-0.702220618724823
0.22862951457500458
0.3030446171760559
0.0799722671508789
0.28508952260017395
0.3050128221511841
-0.0014011859893798828
0.008047807030379772
-0.01065981574356556
-0.046283118426799774
-0.04012945294380188
-0.041973479092121124
0.00903738010674715
0.020301982760429382
0.047793176025152206
-1.127458095550537
-0.7986117601394653
-0.5614602565765381
-0.29654231667518616
0.15685433149337769
-0.006878822576254606
0.4564880132675171
0.4305088222026825
0.21399828791618347
-0.41642406582832336
-0.22947899997234344
-0.3489702045917511
-0.25646451115608215
0.22247099876403809
0.06442324817180634
0.18909317255020142
0.11557566374540329
-0.22828860580921173
-0.43306484818458557
-0.08498922735452652
0.07170107215642929
-0.28667131066322327
-0.4373609721660614
-0.039637573063373566
-0.026861919090151787
-0.1326523721218109
0.524829626083374
-0.12514956295490265
-0.3219304084777832
-0.4124685823917389
0.2847907245159149
0.09125488996505737
0.01648569665849209
0.02146379090845585
0.1510516107082367
0.18204091489315033
-0.39701393246650696
-0.24996858835220337
-1.1655434370040894
0.08309716731309891
0.013509418815374374
-0.6411106586456299
0.24600133299827576
-0.008565320633351803
-0.2699982523918152
-0.6787189841270447
-0.6068081855773926
-0.012277618050575256
-0.49864405393600464
-0.22499895095825195
-0.7585005760192871
-0.2952803075313568
-0.2723034620285034
-0.6168166995048523
-0.20662546157836914
-0.14639398455619812
-0.2076614499092102
0.5348660945892334
0.2766319215297699
0.07926782220602036
0.17117078602313995
-0.040088679641485214
-0.10406223684549332
0.18083862960338593
-0.19210301339626312
0.14051169157028198
0.15253232419490814
0.2858915328979492
-0.16729368269443512
0.013711648061871529
-0.1326996386051178
-0.07706591486930847
-0.36475419998168945
-0.2177463173866272
-0.2921110689640045
0.21092140674591064
-0.1157839372754097
-0.599220335483551
0.13403557240962982
-0.1354493349790573
-0.4053213596343994
0.018686311319470406
0.015494389459490776
0.0340665727853775
-0.022414397448301315
-0.0011672007385641336
-0.0384255014359951
-0.016037311404943466
-0.04157814010977745
0.04022104665637016
-0.0973481684923172
-0.48496323823928833
-0.6322731971740723
0.14589346945285797
-0.4161311686038971
-0.41590380668640137
-0.17076736688613892
-0.671749472618103
-0.38160645961761475
0.0568147748708725
-0.04608763009309769
-0.07245919108390808
-0.07253077626228333
0.2459173947572708
0.1383141428232193
-0.005382639821618795
-0.18913689255714417
0.009117569774389267
-0.01715078204870224
0.036869633942842484
0.036491759121418
-0.020228154957294464
0.04394299164414406
0.01952066458761692
-0.009984946809709072
-0.00667653838172555
0.03260854631662369
-0.23390327394008636
-0.4268018901348114
-0.6202559471130371
-0.06924742460250854
0.11882267892360687
-0.19045895338058472
0.24683675169944763
-0.001576054492034018
-0.34237349033355713
0.018059158697724342
0.03842020407319069
-0.005184751003980637
-0.023452430963516235
-0.03096032328903675
0.01707552932202816
0.03756653144955635
0.041274234652519226
-0.030220773071050644
0.16942988336086273
-0.3037196695804596
-0.6236546635627747
0.007941626943647861
-0.16457131505012512
-0.40312591195106506
0.14084754884243011
0.0349079854786396
-0.14622527360916138
0.03148163855075836
-0.036700814962387085
0.02876993827521801
0.008471637032926083
-0.05387077480554581
-0.05558512732386589
-0.034332990646362305
-0.01982034184038639
0.057791806757450104
-0.3770439028739929
-0.31340616941452026
-0.5524619221687317
-0.2800405025482178
-0.16429537534713745
0.053858447819948196
0.14983457326889038
0.13194720447063446
0.2900314927101135
-0.25577667355537415
-0.18900828063488007
0.12090545892715454
-0.3546416759490967
0.1374892145395279
-0.39264723658561707
0.09550873935222626
-0.19198279082775116
-0.6408541202545166
-0.06996188312768936
-0.34694987535476685
-0.21577511727809906
0.23799671232700348
0.32174718379974365
-0.2654227614402771
0.05894146114587784
-0.0788663923740387
0.005623834673315287
-0.5389557480812073
-0.21600955724716187
-0.49204719066619873
0.21455246210098267
0.06721586734056473
-0.43283790349960327
0.21061398088932037
0.18667112290859222
-0.07067517936229706
-0.058221377432346344
-0.02435454912483692
0.006546213291585445
-0.05740358680486679
0.011629404500126839
0.019112443551421165
0.04038327559828758
0.05332612618803978
0.02800879441201687
-0.5475512742996216
0.09301946312189102
0.2567934989929199
-0.38725030422210693
0.26822492480278015
-0.39432474970817566
-0.10251062363386154
-0.3247605264186859
0.028922082856297493
-0.1707713007926941
-0.07421925663948059
-0.06875618547201157
0.36647579073905945
-0.06773441284894943
-0.23093074560165405
0.08639683574438095
-0.2640233039855957
-0.12497422099113464
-0.4509505331516266
-0.30877915024757385
-0.32954472303390503
-0.049154214560985565
0.15584491193294525
0.012055457569658756
0.25091642141342163
0.3510957956314087
0.2831214666366577
-0.7159633636474609
-0.24847851693630219
-0.2006932646036148
0.044058673083782196
0.0722089633345604
-0.13084383308887482
0.20278193056583405
0.053231142461299896
-0.07394086569547653
-0.3140626847743988
-0.26889243721961975
-0.4199800193309784
-0.4997517168521881
-0.3190998136997223
-0.3287688195705414
-0.20258231461048126
-0.2015024870634079
-0.22521911561489105
-0.4815901219844818
-0.10334834456443787
-0.3859196901321411
-0.07180306315422058
-0.27448710799217224
-0.43760502338409424
0.23839010298252106
0.04014662280678749
-0.2680012285709381
0.13451515138149261
-0.09670138359069824
-0.20968939363956451
-0.04619963467121124
0.1597120612859726
-0.07176832109689713
0.16372397541999817
-0.06553135067224503
0.1255994588136673
0.10840907692909241
-0.09586681425571442
-0.39810553193092346
0.23000742495059967
-0.04169131815433502
0.0596613846719265
0.08835219591856003
-0.07088631391525269
0.12399404495954514
0.028467485681176186
0.302195280790329
-0.03286881372332573
-0.17079927027225494
0.2084071785211563
0.3466033339500427
0.12553855776786804
-0.05422328785061836
0.02113538794219494
-0.007837634533643723
-0.018037861213088036
-0.036919739097356796
0.04807230085134506
-0.013882897794246674
-0.025948768481612206
-0.018324291333556175
0.024657297879457474
-0.04828634485602379
0.023334195837378502
0.45553058385849
0.16132526099681854
0.10633783787488937
0.5104945302009583
0.36058348417282104
0.16494211554527283
0.487760066986084
0.4431607723236084
0.2799760401248932
0.10064283013343811
0.0677959993481636
-0.2634699046611786
-0.010113912634551525
0.31391680240631104
0.18201413750648499
0.3755322992801666
-0.06149379163980484
0.1838194876909256
0.1910167783498764
0.24686656892299652
0.36419883370399475
0.10063856095075607
-0.1758013516664505
-0.005540309939533472
0.07918049395084381
-0.11240524798631668
-0.26666003465652466
0.6280105113983154
0.45390236377716064
0.0510011687874794
0.27926650643348694
0.3179926574230194
0.05814642459154129
-0.15898758172988892
0.02773612178862095
0.145623117685318
0.34330958127975464
0.24188432097434998
0.4698472023010254
0.6043257713317871
0.23491479456424713
0.31819015741348267
0.27954137325286865
0.26230570673942566
0.1428561508655548
-0.2164439707994461
0.22661153972148895
0.43272852897644043
0.2400098592042923
-0.23439499735832214
0.364705353975296
0.4449319541454315
0.05167491361498833
0.43511131405830383
0.5682674050331116
0.4911290109157562
0.15661625564098358
0.052268460392951965
0.4698633551597595
0.2673357427120209
-0.021423911675810814
0.1372992843389511
-0.31644582748413086
0.20294883847236633
0.6361270546913147
0.6364703178405762
-0.05168521776795387
0.3506079316139221
0.2030794620513916
-0.0904669538140297
-0.06906716525554657
-0.16475865244865417
-0.04467558115720749
0.3010734021663666
0.607250988483429
0.019329672679305077
0.023832693696022034
0.04492240026593208
0.07578117400407791
-0.2822205126285553
-0.015359294600784779
-0.01202764268964529
-0.05186639726161957
-0.050395648926496506
0.005646925885230303
0.041451651602983475
-0.04860638082027435
-0.022814251482486725
-0.03865106403827667
0.0066781542263925076
0.4258841872215271
0.3391894996166229
0.5177915692329407
0.21861477196216583
0.32531851530075073
-0.025671223178505898
0.0958331897854805
0.07885817438364029
0.03289540484547615
0.02282208949327469
0.0018712274031713605
0.22028733789920807
0.006302843801677227
0.08607577532529831
-0.0396464578807354
-0.05556042864918709
0.014371541328728199
0.06194869801402092
-0.05442444235086441
-0.055233296006917953
0.04344528913497925
-0.01695074513554573
-0.02964416891336441
0.013310262933373451
-0.024173956364393234
-0.05181640386581421
0.030354997143149376
0.39550065994262695
-0.06211633235216141
0.14408354461193085
0.1909780651330948
-0.10830873250961304
0.2176753282546997
0.18791215121746063
-0.21460853517055511
-0.11475709825754166
0.020325634628534317
-0.042306527495384216
0.012203865684568882
-0.0010950312716886401
-0.044161733239889145
-0.026620756834745407
-0.02921854890882969
0.035377826541662216
0.021768657490611076
0.6563746333122253
0.36174166202545166
0.5376086235046387
0.24041816592216492
0.04407145828008652
0.14493069052696228
0.3412554860115051
-0.17157989740371704
-0.307116836309433
0.04379536584019661
0.028643539175391197
-0.04018692299723625
0.024561602622270584
-0.03821735829114914
-0.00039966675103642046
0.019716374576091766
0.0054562888108193874
-0.05397728085517883
0.27202391624450684
-0.3516707718372345
-0.11274367570877075
0.5292549729347229
0.29927995800971985
-0.39562493562698364
-0.08390006422996521
0.06346067786216736
0.18666699528694153
0.22086602449417114
0.14022529125213623
0.1546848565340042
0.32156363129615784
0.33639970421791077
-0.08720935881137848
0.21875528991222382
0.2922731637954712
0.09181792289018631
0.43639177083969116
0.5244345664978027
0.5143433809280396
-0.009641557931900024
0.2611493468284607
-0.26917630434036255
0.0045152697712183
-0.07795412838459015
-0.05567411333322525
0.6181687712669373
0.11523273587226868
0.15349765121936798
-0.039276450872421265
0.2018842101097107
0.1714058220386505
0.05796342343091965
0.2061261534690857
-0.1300337314605713
-0.03169431909918785
0.038915205746889114
-0.030569853261113167
-0.005128548014909029
0.02661365643143654
-0.00046341161942109466
-0.04036889970302582
-0.02456611953675747
0.02878045290708542
0.06134571135044098
-0.2874777019023895
0.09101707488298416
-0.1169259175658226
0.1641155630350113
0.007129542995244265
0.10468557476997375
-0.06444073468446732
0.29702386260032654
0.9200555086135864
0.32617753744125366
0.31966257095336914
0.12187419086694717
0.29063981771469116
0.2097746729850769
-0.014263558201491833
-0.12455709278583527
-0.06375987827777863
0.3189854621887207
0.016262173652648926
-0.2741721570491791
0.23410241305828094
0.4849139451980591
0.11492561548948288
0.16870389878749847
0.13571801781654358
0.1840907782316208
0.06478513777256012
-0.23747755587100983
-0.006306256167590618
0.02462031878530979
0.15942084789276123
-0.1053997203707695
0.00477320933714509
-0.2561052143573761
-0.3272300660610199
0.17875127494335175
0.05723957717418671
0.05119866877794266
0.49477142095565796
0.23581120371818542
0.10205765813589096
0.4940619170665741
0.1023988127708435
0.08494076877832413
0.10127130895853043
0.22158518433570862
-0.06151518225669861
0.19150382280349731
0.0852898582816124
0.0689668282866478
0.006370476447045803
0.05955437943339348
-0.13768525421619415
-0.03930112347006798
0.08772692084312439
-0.017235036939382553
0.23680737614631653
-0.07720126211643219
-0.04118701070547104
-0.06330779939889908
0.09680041670799255
-0.16707222163677216
0.5077767968177795
0.5496960878372192
0.44854825735092163
-0.07076160609722137
0.32155272364616394
0.05284833535552025
0.0347965806722641
0.05052116885781288
0.020220566540956497
0.5415298938751221