-0.7493351101875305
-0.12312246114015579
0.7843325138092041
-0.686035692691803
-0.5615013241767883
0.2910435199737549
-0.553317129611969
0.010645966976881027
0.005124174524098635
0.42106708884239197
-0.1785344034433365
-0.04416742920875549
-0.1179046779870987
0.18992601335048676
-0.1667107492685318
-0.23190948367118835
-0.23085857927799225
-0.16718433797359467
-0.06290993839502335
-0.5783615112304688
-0.4149779677391052
-0.6125295162200928
-0.7522814273834229
0.4618367850780487
0.1937142014503479
0.1640882045030594
0.7086703777313232
0.7981672286987305
0.15282167494297028
0.3457030653953552
0.667273759841919
0.040672771632671356
-0.3638441860675812
0.17100954055786133
0.22945737838745117
-0.3698812425136566
0.5794095396995544
-0.15585795044898987
-0.71945720911026
0.2847515940666199