-0.014584166929125786
0.11825963854789734
-0.6362904906272888
0.20385755598545074
0.09595438092947006
0.23286841809749603
0.12067050486803055
0.16019125282764435
0.16857165098190308
0.03797348961234093
-0.028002822771668434
0.00661072600632906
0.05594557896256447
-0.02412540465593338
-0.016455570235848427
0.027004532516002655
-0.040035951882600784
0.05168289691209793
0.32797321677207947
0.06636426597833633
-0.6914366483688354
0.6556183099746704
0.454288512468338
-0.347869873046875
0.41144704818725586
-0.229324072599411
-0.606285035610199
-0.085909403860569
-0.45811375975608826
-0.7606648206710815
0.5015910267829895
0.27443453669548035
-0.20720288157463074
0.20626118779182434
-0.44810986518859863
-0.6570665836334229
-0.09846709668636322
-0.9671456813812256
-0.10624445974826813
-0.18328826129436493
-0.5672429203987122
-0.06578435748815536
-0.31117963790893555
-0.5858262777328491
-0.06819919496774673
0.4980081021785736
0.10279956459999084
-0.5189518332481384
0.24472524225711823
-0.20798827707767487
-0.12735366821289062
-0.06369118392467499
-0.1680392622947693
0.08445828408002853
0.11256609857082367
-0.9187802672386169
-0.27928751707077026
0.0766587108373642
-0.5079317092895508
-0.09963398426771164
-0.5647724270820618
-0.4426066279411316
0.0001769733935361728
-0.9458200931549072
-0.5250328779220581
0.04978896304965019
-0.10813800990581512
-0.29674556851387024
0.3653172254562378
0.04128975048661232
-0.4943055808544159
0.4904976189136505
0.5470867156982422
0.17692497372627258
-0.687528669834137
0.16670233011245728
0.21107520163059235
-0.5897158980369568
-0.30524808168411255
-0.6380196809768677
-0.2606658935546875
-0.3975431025028229
0.2730538249015808
-0.3488757014274597
-0.045532722026109695
-0.5900837182998657
-0.6931098699569702
-0.14020836353302002
-0.8283107280731201
-0.03749502822756767
0.10823771357536316
0.010571240447461605
0.4112837612628937
0.3518882095813751
0.3349032700061798
0.40266478061676025
-0.06166137754917145
0.21588225662708282
0.329278826713562
0.022657962515950203
0.05590251833200455
-0.014726635999977589
-0.038539107888936996
-0.0029147565364837646
0.024009590968489647
0.0013426159275695682
0.005148764234036207
0.033119816333055496
-0.4739637076854706
-0.12736476957798004
0.7040284872055054
-0.3215779662132263
0.25935930013656616
0.5071619153022766
-0.5699849128723145
0.26669368147850037
0.15559667348861694
-0.028185870498418808
-0.1958993673324585
-0.22284390032291412
-0.28517571091651917
0.15713433921337128
0.07006598263978958
-0.1483338177204132
-0.2517293691635132
-0.06993468850851059
-0.057409368455410004
-0.0347263403236866
0.04992208629846573
-0.058525338768959045
-0.02214871719479561
0.055648136883974075
0.01670742593705654
-0.0470619723200798
0.03397609293460846
-0.22479872405529022
-0.35882580280303955
0.030407490208745003
0.17182424664497375
-0.5144798159599304
0.3808080554008484
-0.588877260684967
-0.7131245136260986
0.1149476021528244
0.05346601828932762
-0.0015112735563889146
0.035800524055957794
-0.04914148896932602
0.0039820484817028046
-0.05581977963447571
-0.029599711298942566
-0.0053985826671123505
-0.03749249503016472
-0.005670728627592325
-0.8425174951553345
0.49908408522605896
-0.35143911838531494
-0.24946843087673187
0.46775388717651367
-0.2931811213493347
-0.13518157601356506
0.15611721575260162
0.012908793054521084
-0.03415721654891968
0.008539900183677673
-0.0429910346865654
-0.05454909801483154
0.0015200331108644605
-0.011576840654015541
0.01284292433410883
0.006319407373666763
0.17172789573669434
-0.02696707844734192
0.043957192450761795
0.5050564408302307
0.23502542078495026
0.2934012711048126
-0.10149510204792023
-0.16298529505729675
-0.0318249836564064
-0.21638257801532745
-0.6696568727493286
-0.35298964381217957
-0.04979191720485687
-0.11860370635986328
-0.30751171708106995
0.29572218656539917
-0.13086917996406555
-0.48082223534584045
0.15849369764328003
0.08852515369653702
-0.676125705242157
-0.022731661796569824
-0.2293461263179779
-0.8205224275588989
-0.3997598886489868
-0.6059063076972961
-0.5841938257217407
0.3256770372390747
-0.24464431405067444
-0.7035581469535828
0.45490747690200806
-0.3659241795539856
-0.3606548309326172
0.017907431349158287
-0.24941858649253845
-0.42355144023895264
-0.056243591010570526
0.004457682371139526
0.05268675088882446
0.018764803186058998
-0.0056243776343762875
-0.03499889746308327
0.01937868632376194
0.02570953592658043
0.058773476630449295
-0.19127093255519867
0.2635229825973511
0.1730562299489975
0.17211084067821503
0.0620604008436203
0.3914386034011841
0.05186665803194046
0.5639376640319824
0.2902522087097168
0.46669986844062805
0.5826321244239807
-0.046118590980768204
0.1383141726255417
0.23028722405433655
-0.2648378014564514
-0.3351319432258606
-0.5369876027107239
-0.36170411109924316
0.811008632183075
0.23097532987594604
-1.0424072742462158
0.23602908849716187
0.08577753603458405
-0.35716113448143005
0.018412234261631966
-0.03595304116606712
-0.4775554835796356
-0.20630213618278503
-0.4461868405342102
-0.12313928455114365
0.01395129319280386
0.43967241048812866
0.06891193985939026
-0.14578871428966522
0.5542688369750977
-0.018353013321757317
-0.48630383610725403
-0.8363944292068481
-0.5400141477584839
-0.2397877722978592
-0.81538987159729
-0.3595418930053711
-0.20101967453956604
-0.40999531745910645
0.17536380887031555
-0.30557194352149963
-0.40662771463394165
-0.3587248623371124
0.1074589267373085
-0.32970505952835083
0.1735503375530243
-0.17302995920181274
-0.2873748540878296
0.2911040186882019
-0.031181104481220245
-0.23001615703105927
-0.028569092974066734
-0.09882659465074539
-0.0748668760061264
-0.038542188704013824
-0.014478269033133984
0.25669920444488525
-0.033495090901851654
0.0014608893543481827
0.18711276352405548
-0.2534228563308716
0.23221242427825928
-0.27917835116386414
-0.274296373128891
-0.5239812731742859
-0.8725996017456055
-0.5246080756187439
0.45880550146102905
0.14016865193843842
-0.027761315926909447
-0.37877053022384644
0.12217926979064941
-0.1461033672094345
-0.14650464057922363
-0.06519922614097595
0.0021738994400948286
0.16760799288749695
-0.03961305692791939
0.02554798685014248
-0.053497444838285446
0.010345667600631714
0.04987355321645737
0.042947471141815186
-0.017611447721719742
0.03886575996875763
-0.033534735441207886
0.15971310436725616
0.20838315784931183
-0.008409898728132248
-0.05529652163386345
0.06024811416864395
-0.2194509208202362
0.1110624447464943
0.23920923471450806
0.13696981966495514
0.15723450481891632
-0.04916492477059364
-0.27782317996025085
0.003782296320423484
-0.09997887164354324
-0.2016226202249527
0.20608480274677277
-0.026613932102918625
0.05488045886158943
-0.3786372244358063
-0.21555253863334656
-0.21315529942512512
-0.12449098378419876
-0.36712053418159485
0.009882629849016666
-0.2084042876958847
-0.3507808446884155
-0.17614422738552094
0.17306113243103027
0.260519415140152
-0.24566727876663208
0.31686675548553467
0.09349210560321808
0.18583016097545624
0.24808549880981445
0.29962974786758423
-0.13722273707389832
0.08945813030004501
-0.2230496108531952
-0.4672155976295471
0.13119567930698395
-0.2603200674057007
-0.28274425864219666
0.23078684508800507
-0.22842338681221008
-0.6809995174407959
-0.48477211594581604
-0.4342903792858124
-0.42641595005989075
-0.2866942286491394
-0.4054201543331146
-0.5707095861434937
-0.11450424790382385
-0.2746015787124634
-0.4223328232765198
0.043814126402139664
-0.04632382467389107
-0.41365331411361694
0.08283611387014389
0.02842496894299984
0.2435973584651947
0.1252322494983673
0.13851429522037506
0.040938492864370346
-0.14515352249145508
-0.15071910619735718
-0.8024700284004211
0.12839654088020325
0.10437566041946411
-0.1295590102672577
0.16123764216899872
-0.22569876909255981
-0.07550875842571259
-0.26738443970680237
-0.5144351720809937
-0.20393133163452148
-0.2010674774646759
-0.3351370692253113
-0.24259917438030243
-0.06390523910522461
-0.23466432094573975
-0.5521802306175232
-0.005449299700558186
0.043140560388565063
-0.03609555959701538
0.0020744609646499157
0.015600178390741348
-0.03221474587917328
0.0014540944248437881
-0.05099539831280708
-0.021179858595132828
-0.45556724071502686
-0.24972942471504211
0.13672271370887756
-0.48752686381340027
0.5105785131454468
-0.2858383357524872
-0.20750367641448975
-0.2922883927822113
-0.38954806327819824
-0.039572034031152725
0.01958148367702961
0.09230490773916245
-0.09368754923343658
-0.059269778430461884
0.0008719291654415429
-0.09872317314147949
0.0716732069849968
-0.15783271193504333
-0.05311383679509163
0.002009547781199217
0.05839087814092636
0.01752638816833496
-0.001114833285100758
-0.002692642854526639
0.011907439678907394
0.012742102146148682
-0.00672387657687068
0.1258307844400406
-0.03288666531443596
-0.7421806454658508
0.2411675751209259
-0.11804298311471939
-0.4244811236858368
0.26117101311683655
-0.04304130747914314
-0.31740233302116394
0.008735320530831814
0.05820002779364586
-0.004211292136460543
-0.04693203419446945
-0.04639589786529541
-0.017286207526922226
-0.012219875119626522
-0.027598030865192413
-0.018168980255723
-0.2641732394695282
-0.2886146605014801
-0.04462801665067673
-0.446953147649765
-0.4403838813304901
-0.49894651770591736
-0.12126420438289642
0.05812671780586243
-0.2586248219013214
-0.043164078146219254
0.05179910361766815
0.028854047879576683
0.04211572930216789
0.046748582273721695
-0.021198339760303497
0.0049149757251143456
0.05676230788230896
-0.009714356623589993
0.20966605842113495
0.5223740339279175
-0.2981531620025635
0.5162894129753113
0.13047468662261963
0.17738714814186096
0.24319177865982056
0.003281467128545046
0.07851043343544006
-0.09573803097009659
-0.24245058000087738
-0.2759796679019928
0.10704180598258972
-0.46574464440345764
-0.4887887239456177
0.09819354861974716
-0.2905856966972351
-0.2721654176712036
0.026711877435445786
-0.06858164817094803
-0.2562660276889801
-0.02671222575008869
-0.09395944327116013
0.22793708741664886
-0.3710459768772125
-0.051089733839035034
-0.17254440486431122
0.0521511510014534
-0.08936087042093277
-0.48078086972236633
0.0549960620701313
0.21098580956459045
-0.399780809879303
0.20748072862625122
0.2960969805717468
-0.2555418312549591
-0.04678703472018242
-0.016645174473524094
-0.019828975200653076
0.013239076361060143
-0.006962575018405914
-0.049149610102176666
-0.026715194806456566
0.02417382411658764
-0.0033746419940143824
-0.2786167562007904
-0.1607455015182495
0.04452303424477577
0.07918167859315872
0.2550138235092163
0.08894164115190506
-0.2620641589164734
0.04906441643834114
0.13912518322467804
0.08372780680656433
0.3295823335647583
-0.23672570288181305
-0.12524764239788055
0.504170298576355
0.37022772431373596
0.06014854460954666
0.05313112586736679
0.07713745534420013
0.33865252137184143
0.08598224818706512
-0.08586415648460388
0.2101428210735321
0.07445850223302841
-0.049798790365457535
0.3320936858654022
0.22221672534942627
0.13689884543418884
0.06789188832044601
-0.26584863662719727
-0.27124500274658203
0.21298667788505554
-0.028361326083540916
-0.45120158791542053
0.3227000832557678
0.005044817458838224
-0.35170307755470276
0.005084443837404251
-0.10746774822473526
-0.4640503227710724
-0.13104532659053802
-0.0776454284787178
-0.8135083913803101
-0.07682309299707413
-0.2691161036491394
-0.5877898931503296
0.048498522490262985
-0.21405062079429626
-0.18375690281391144
0.10604581236839294
-0.13268646597862244
-0.44614923000335693
0.03973931819200516
0.04048099368810654
0.12345245480537415
-0.07565899193286896
-0.15138806402683258
0.3483634293079376
0.06728800386190414
0.11655221879482269
-0.025674445554614067
0.09537258744239807
-0.030060401186347008
-0.16330792009830475
-0.8350434899330139
-0.5362624526023865
-0.5219964385032654
-0.579922080039978
-0.4130483865737915
-0.3672255575656891
-0.2830410897731781
-0.1395675539970398
-0.19304707646369934
-0.10633144527673721
-0.4516575336456299
0.07220333069562912
0.4073837697505951
-0.38127779960632324
0.10952281951904297
-0.11620332300662994
-0.23292408883571625
-0.0991041362285614
-0.2939935624599457
-0.0017880379455164075
0.023047905415296555
0.022170407697558403
-0.015361788682639599
-0.0507618747651577
0.0007550818845629692
-0.0373588390648365
-0.037200815975666046
-0.0556456483900547
0.16850055754184723
0.14285819232463837
0.5999903678894043
0.13719765841960907
0.2739819884300232
0.4643596112728119
0.10685812681913376
0.11142154783010483
0.10053188353776932
-0.05151479318737984
-0.17799195647239685
0.21530188620090485
0.028852079063653946
0.09703885763883591
-0.06772377341985703
-0.24205371737480164
0.0724719911813736
-0.2842348515987396
-0.228478342294693
0.016626426950097084
-0.15276940166950226
0.09647788852453232
-0.0357314795255661
-0.1745016872882843
0.15742817521095276
0.08841673284769058
0.5764859914779663
-0.019269244745373726
0.2736990749835968
0.3591275215148926
0.18010859191417694
-0.49856680631637573
-0.2832043766975403
0.11481142789125443
0.13163265585899353
-0.14609338343143463
0.4850068986415863
0.6599082350730896
0.5024654269218445
0.3779853880405426
0.4369772970676422
0.33281007409095764
0.2260378748178482
-0.05774287134408951
0.02124561369419098
0.18728207051753998
-0.05170059949159622
-0.3077293038368225
0.6499682664871216
0.5142208337783813
0.24020855128765106
-0.0180643480271101
0.1293955296278
0.21234656870365143
-0.09913796931505203
-0.012595199048519135
0.13362830877304077
-0.13908764719963074
-0.32989951968193054
-0.3670215308666229
-0.41837289929389954
-0.12858280539512634
-0.28046560287475586
-0.031498417258262634
0.2046227902173996
-0.057209312915802
-0.017444174736738205
-0.2930876910686493
-0.06310132890939713
-0.4035348892211914
-0.19323769211769104
-0.5288094878196716
0.1253701150417328
-0.08470511436462402
-0.22305235266685486
-0.44431304931640625
-0.2467052936553955
0.031168624758720398
-0.15033002197742462
-0.11006820946931839
-0.06645502895116806
-0.051026977598667145
-0.03336333855986595
-0.046922001987695694
-0.02559848502278328
-0.04605662822723389
0.016062015667557716
-0.04162250831723213
0.053571201860904694
0.04743462800979614
0.13075625896453857
0.07045282423496246
-0.017182346433401108
0.24164092540740967
-0.31094640493392944
-0.36431485414505005
-0.06833356618881226
-0.33556297421455383
-0.1626024693250656
0.26102378964424133
-0.09627427905797958
0.10868173092603683
0.033008284866809845
0.1717311143875122
-0.1357690393924713
-0.08675474673509598
0.08860567957162857
-0.05037230625748634
0.013390349224209785
0.051060400903224945
-0.03851243481040001
0.03513967618346214
0.04331683740019798
-0.04862571135163307
-0.011530837044119835
-0.048406898975372314
-0.043707091361284256
0.48694324493408203
0.4722607433795929
-0.1955595165491104
0.030701160430908203
-0.06381598114967346
-0.16632536053657532
-0.27629104256629944
-0.3429162800312042
-0.13309542834758759
-0.042122334241867065
-0.0007591139292344451
-0.006907531525939703
0.05112417787313461
0.03729263320565224
0.038900770246982574
-0.03390680253505707
-0.0040274616330862045
0.03031652420759201
0.25851044058799744
-0.09010263532400131
-0.036519553512334824
-0.2687811255455017
-0.23800304532051086
-0.2550628185272217
-0.41775989532470703
-0.34336966276168823
-0.285787433385849
0.001490734051913023
0.03042316809296608
0.04321230575442314
-0.04795260354876518
-0.029137570410966873
0.03911261260509491
0.016992373391985893
0.016632460057735443
0.03418223187327385
-0.3844115734100342
0.11798013746738434
0.15739837288856506
-0.16851107776165009
0.26691585779190063
0.03843516483902931
-0.05153236910700798
0.12779496610164642
-0.021646467968821526
0.06224704533815384
-0.19674508273601532
-0.08493407815694809
-0.24766479432582855
0.63334721326828
0.15738984942436218
0.04525863006711006
-0.05279983952641487
0.14351370930671692
-0.16854850947856903
0.028093505650758743
0.06981267780065536
-0.2209719717502594
-0.4118443727493286
-0.20621109008789062
-0.3777104914188385
-0.33924201130867004
-0.26566141843795776
-0.1315782070159912
0.5114591121673584
0.16497191786766052
-0.10082975029945374
-0.13418960571289062
0.27431920170783997
0.07847318053245544
-0.46259886026382446
-0.27896636724472046
-0.027695627883076668
0.004954074043780565
-0.009808056056499481
0.0369124710559845
-0.020094865933060646
-0.03272111341357231
0.037000760436058044
-0.044500503689050674
0.0035566180013120174
0.1914571076631546
-0.24738089740276337
-0.015424095094203949
-0.01595918834209442
-0.2934761345386505
-0.06726305186748505
-0.014975786209106445
-0.2767191529273987
-0.3283064663410187
0.059333398938179016
-0.21126674115657806
0.061460230499506
-0.03193476423621178
-0.3072719871997833
-0.26845017075538635
-0.2737065851688385
0.057200588285923004
-0.2139277160167694
0.04484500363469124
0.4895820617675781
0.06843969970941544
0.12001511454582214
0.22324319183826447
0.24371488392353058
0.026221977546811104
-0.11979898810386658
-0.13983584940433502
0.4677629768848419
0.04427992179989815
-0.07024805247783661
-0.3076486885547638
-0.2571524977684021
-0.25507819652557373
-0.3796277344226837
-0.18006573617458344
-0.019505249336361885
0.12424860149621964
0.10050713270902634
-0.2738902270793915
0.012794620357453823
-0.015635162591934204
0.10038674622774124
0.09500952810049057
-0.17882996797561646
0.17848241329193115
0.219715878367424
0.0779847502708435
0.11929058283567429
0.2631002962589264
0.09060824662446976
-0.03543322533369064
-0.03427262604236603
-0.37455692887306213
-0.17903070151805878
0.3195447623729706
0.185750350356102
0.1960718035697937
0.032909147441387177
0.08401767909526825
0.15392856299877167
0.04040098935365677
-0.09453029185533524
0.2537749111652374
-0.3590756058692932
-0.40759849548339844
0.2936069071292877
-0.13611522316932678
-0.29144182801246643
0.09596244990825653
-0.35409483313560486
-0.602026104927063
-0.27668365836143494
0.3020772933959961
-0.023845911026000977
0.21016737818717957
-0.24799354374408722
-0.11459904909133911
-0.26197460293769836
-0.5586352348327637
-0.4142904281616211
-0.09388981759548187
-0.13594263792037964
-0.010779786854982376
0.043540239334106445
0.020813778042793274
0.01112599577754736
0.009599169716238976
-0.0406205840408802
0.008969158865511417
0.002176842652261257
0.05670756474137306
0.13877154886722565
0.11588136106729507
-0.4089147448539734
-0.4246796667575836
-0.5791231393814087
-0.19518022239208221
-0.6063210368156433
-0.20250046253204346
0.25351980328559875
0.16661566495895386
0.11341942101716995
-0.32949724793434143
0.08126798272132874
-0.30210959911346436
-0.27723681926727295
-0.3655332326889038
0.16900964081287384
0.2889280617237091
-0.23746226727962494
-0.2671677768230438
-0.4941778779029846
0.04348423331975937
-0.08155495673418045
-0.11556095629930496
-0.1868051439523697
0.09804510325193405
0.033951420336961746
-0.26135173439979553
0.037761978805065155
0.08492449671030045
-0.3143591284751892
0.1498691886663437
0.1862076073884964
0.04573516547679901
0.1786837875843048
0.0934552550315857
-0.29369646310806274
-0.3575272858142853
-0.2724612355232239
-0.3736358880996704
0.08196388930082321
0.23254606127738953
0.22821937501430511
0.4656081199645996
0.3964546024799347
-0.39651012420654297
-0.5587039589881897
-0.5175524353981018
-0.32011428475379944
-0.5759408473968506
-0.11151448637247086
0.0009909794898703694
-0.038157232105731964
0.016527051106095314
-0.5876345038414001
-0.41459032893180847
-0.14466546475887299
-0.48247256875038147
0.07129624485969543
0.3812977969646454
0.04898112267255783
0.17091962695121765
0.638086199760437
-0.34891000390052795
-0.14675754308700562
0.21309585869312286
-0.5545188188552856
-0.2059265524148941
0.10187115520238876
0.04383605718612671
0.3871421813964844
0.07170127332210541
-0.1167764812707901
-0.3606002628803253
-0.12831304967403412
0.09236287325620651
-0.15410740673542023
0.14751465618610382
0.43202242255210876
0.15949954092502594
-0.0188626516610384
0.03605625778436661
-0.05294635891914368
0.009663956239819527
0.006552521605044603
-0.03895466774702072
-0.030722348019480705
-0.026066821068525314
0.010828832164406776
0.019630301743745804
-0.0048760706558823586
-0.23347797989845276
0.004945880733430386
0.2048226147890091
-0.02443450689315796
0.27720561623573303
0.3381349742412567
0.3570263087749481
-0.005343189463019371
0.36678776144981384
0.17812690138816833
-0.01317975576967001
0.022574393078684807
-0.046002693474292755
-0.18551145493984222
0.021654359996318817
-0.18011416494846344
-0.058263249695301056
-0.048240628093481064
0.052870143204927444
0.0033014891669154167
0.013770407997071743
0.014710163697600365
-0.053846292197704315
0.03638855740427971
0.03647369146347046
0.012076610699295998
-0.30693957209587097
-0.6580163240432739
-0.11611998826265335
-0.30778422951698303
-0.12269368022680283
0.29106655716896057
0.3316947817802429
0.7481096982955933
0.6482930183410645
0.03573477640748024
-0.057775285094976425
0.014932755380868912
0.038406211882829666
-0.02237374521791935
-0.014046764932572842
0.013696454465389252
-0.014736687764525414
-0.02659335546195507
-0.35284143686294556
-0.11580688506364822
-0.326945036649704
0.02870643138885498
-0.08522165566682816
0.050395458936691284
0.18762750923633575
0.30909833312034607
0.04612897336483002
-0.056736260652542114
0.05231877788901329
-0.04050133377313614
-0.04239928722381592
0.03303096443414688
-0.027910539880394936
-0.008924487978219986
0.009697336703538895
0.03499384596943855
-0.08587658405303955
-0.2160775363445282
-0.10262568295001984
0.07022729516029358
-0.2879485487937927
-0.10502278059720993
-0.24369961023330688
-0.23462247848510742
-0.3280561566352844
0.026778876781463623
-0.27782291173934937
-0.243916317820549
-0.5773913264274597
-0.633125364780426
-0.33372771739959717
-0.8213804364204407
-0.47052931785583496
-0.02696606144309044
-0.4496903717517853
-0.09420813620090485
0.02692338638007641
-0.5210939049720764
-0.13254369795322418
0.3887563645839691
-0.16048263013362885
0.2522171437740326
0.449258029460907
-0.06391741335391998
-0.5432974696159363
-0.22646847367286682
-0.16088004410266876
0.08033018559217453
-0.15753880143165588
-0.08573531359434128
-0.20723755657672882
0.30116111040115356
-0.05384610593318939
-0.04698804020881653
-0.020008746534585953
-0.02432137355208397
0.022538617253303528
0.030748724937438965
0.016375217586755753
0.04396703839302063
0.002758890623226762
0.20027978718280792
-0.12063740193843842
-0.05814603343605995
0.03567308560013771
-0.16983596980571747
-0.10418321937322617
0.13322915136814117
-0.24373070895671844
-0.11986999958753586
-0.25200265645980835
-0.04578150808811188
0.21252357959747314
-0.359298437833786
-0.21259528398513794
-0.012022210285067558
-0.16155792772769928
-0.032560452818870544
0.1598808616399765
0.09498920291662216
-0.20805826783180237
-0.4293193817138672
0.03258776292204857
-0.5515047907829285
0.006355599034577608
-0.30692872405052185
0.2030080258846283
-0.008682576939463615
0.2741604149341583
-0.17450910806655884
-0.28400856256484985
0.0725085660815239
-0.018276581540703773
-0.057763904333114624
0.41030269861221313
0.02402476780116558
0.13065822422504425
-0.010951545089483261
0.04802004620432854
-0.46998342871665955
-0.11881691217422485
-0.2855040431022644
-0.3089033365249634
0.04629501700401306
-0.01965288072824478
0.14204101264476776
-0.5219545960426331
-0.564254105091095
-0.4138663113117218
-0.3108217120170593
-0.2806750237941742
0.003509980859234929
-0.07069597393274307
0.21264341473579407
0.2733604907989502
0.12788239121437073
-0.11418710649013519
-0.18537750840187073
-0.19529636204242706
0.07017029821872711
-0.11344430595636368
-0.12363368272781372
-0.2654794156551361
-0.23225881159305573
-0.4673028588294983
-0.08081034570932388
0.1189432218670845
-0.5407965183258057
-0.1569802314043045
0.36661896109580994
-0.09350933134555817
0.3537938594818115
0.4303634762763977
0.15368039906024933