0.2353559285402298
0.11307290941476822
0.2868407666683197
0.18358515202999115
0.12533660233020782
0.3750075399875641
-0.17204520106315613
-0.06616075336933136
0.24057310819625854
0.32432523369789124
0.44895485043525696
0.07513254135847092
0.0897773951292038
0.6045624613761902
0.5743083357810974
-0.026597319170832634
0.30071428418159485
0.3962240517139435
-0.06124008446931839
0.2305697649717331
-0.08714200556278229
-0.5588253736495972
0.002201213501393795
0.15151448547840118
0.07229094952344894
-0.01769169233739376
-0.2438448965549469
-0.7309000492095947
-0.8314658403396606
-0.18921254575252533
-0.20544707775115967
0.011985835619270802
-0.2613867521286011
-0.1781163364648819
0.15284399688243866
-0.11919315159320831
-0.2800529897212982
0.269351065158844
0.009659366682171822
0.0443158820271492
-0.01927647739648819
0.002596472855657339
0.11814761161804199
-0.03382491692900658
-0.27533379197120667
-0.011025361716747284
0.0657406896352768
0.04744621738791466
-0.037880007177591324
-0.3183937072753906
-0.25911372900009155
-0.05897215008735657
-0.4791620075702667
-0.28725531697273254
0.01875113509595394
0.28182148933410645
-0.2929418385028839
-0.024833811447024345
0.06490068882703781
-0.05118326470255852
-0.06551340967416763
-0.07353518158197403
-0.09147346019744873
0.24771881103515625
-0.027410907670855522
0.2550148665904999
0.15535639226436615
0.24179890751838684
0.3054203987121582
-0.1066790521144867
-0.06361676007509232
-0.005978097673505545
0.5177537798881531
0.5908841490745544
0.4094125032424927
0.05020168051123619
-0.11488308012485504
-0.01687334105372429
-0.154477059841156
-0.773827314376831
-0.6828685998916626
-0.20698079466819763
0.06405009329319
0.287978857755661
-0.2104119211435318
0.005589373875409365
-0.2222212255001068
-0.06538008153438568
-0.2999570965766907
-0.20061679184436798
-0.26874974370002747
0.030841853469610214
0.15094073116779327
0.011731132864952087
0.03435150533914566
-0.10515184700489044
0.07291780412197113
-0.17949646711349487
-0.2279919534921646
-0.0007677387911826372
0.1390027105808258
0.14652787148952484
-0.08357244729995728
-0.06037329509854317
0.004775295965373516
-0.06931978464126587
-0.12853381037712097
-0.39935967326164246
0.4079304039478302
0.6432836651802063
-0.11704720556735992
0.16979724168777466
0.41110047698020935
-0.3506750464439392
-0.332710862159729
-0.31718164682388306
-0.25972050428390503
-0.04406403377652168
0.4216991066932678
-0.32554614543914795
-0.06272653490304947
-0.0905914157629013
-0.703802227973938
-0.31467384099960327
-0.4698191285133362
-0.3419221341609955
-0.276839017868042
0.06724613159894943
-0.11961100995540619
-0.14400680363178253
-0.38617900013923645
-0.297723650932312
0.22089500725269318
-0.20209549367427826
-0.6027507781982422
-0.21841298043727875
0.10004924237728119
0.0029878271743655205
-0.0712171345949173
0.09726084768772125
0.15360911190509796
0.1204315572977066
-0.05999217927455902
-0.27306413650512695
-0.3390505611896515
-0.1280180960893631
-0.005994738079607487
-0.0765523761510849
-0.015238829888403416
-0.1949678361415863
0.09280668944120407
-0.10346287488937378
-0.16837723553180695
0.1545005589723587
-0.061213016510009766
0.00631416542455554
0.26810234785079956
0.026390401646494865
-0.023694297298789024
-0.02015344612300396
0.03846088796854019
-0.07316365838050842
0.2970663607120514
0.03234514966607094
-0.23543280363082886
-0.06962975859642029
0.023932287469506264
0.24395987391471863
0.06023070588707924
-0.0875726044178009
-0.1915493756532669
-0.07980029284954071
0.022708343341946602
0.23879805207252502
0.16081582009792328
0.1807796061038971
-0.3356704115867615
0.17441128194332123
-0.07122279703617096
-0.26500755548477173
0.11324073374271393
0.15003523230552673
0.1076103150844574
0.7110344767570496
0.5072208642959595
0.47274699807167053
0.014313382096588612
0.22563038766384125
0.47939127683639526
0.0125987958163023
0.08823081851005554
-0.05995746701955795
-0.11264372617006302
-0.2853095233440399
-0.3945077657699585
-0.012073197402060032
-0.5066752433776855
-0.5376140475273132
-0.06983233243227005
0.18480312824249268
0.5413468480110168
0.3553883731365204
0.1588059514760971
0.1468820571899414
0.10866744071245193
-0.03492742404341698
0.13560037314891815
0.5551083087921143
0.4102810025215149
0.3093129098415375
0.21825595200061798
0.2509801983833313
0.009195635095238686
-0.4235205054283142
-0.22852995991706848
-0.11425134539604187
0.7430070638656616
0.7693358063697815
0.06981149315834045
0.05521838739514351
0.5780724883079529
0.3013295531272888
-0.29023268818855286
0.12115572392940521
0.0915173888206482
0.11835535615682602
0.3220485746860504
-0.059754353016614914
0.05270247906446457
-0.11081746220588684
-0.2744690477848053
-0.20638874173164368
-0.09691952168941498
-0.37986788153648376
0.41757965087890625
0.32439368963241577
0.21653370559215546
0.27540892362594604
0.4112825393676758
0.21754251420497894
-0.21199360489845276
-0.10962347686290741
-0.07751774042844772
-0.41094908118247986
0.16839654743671417
-0.1633492261171341
-0.03867940604686737
0.34577399492263794
-0.20244774222373962
0.016157468780875206
-0.2304978221654892
0.08397926390171051
-0.0833306834101677
0.004059438593685627
0.5746278166770935
0.4870936870574951
0.0928180068731308
0.1359686702489853
0.26057085394859314
-0.006493370048701763
0.0811275765299797
0.24335899949073792
0.25717291235923767
-0.10415647178888321
0.009229353629052639
-0.32310086488723755
-0.6087489128112793
-0.4668927490711212
-0.5894972085952759
-0.5179380774497986
-0.10224112123250961
0.03750971704721451
-0.4592462480068207
0.011851484887301922
-0.634398341178894
-0.9660310745239258
-0.2018003761768341
-0.7121438980102539
-0.40514060854911804
-0.34266334772109985
-0.8160434365272522
-0.47612956166267395
0.11167299747467041
-0.6074158549308777
-0.47604900598526
0.045006658881902695
-0.45400741696357727
-0.9586025476455688
0.07382528483867645
0.05800145864486694
-0.13873350620269775
-0.5642531514167786
0.18363848328590393
-0.5250377058982849
-0.8005561828613281
-0.2947595715522766
-0.46305471658706665
-0.7958172559738159
-0.43735066056251526
-1.1969985961914062
-0.16936729848384857
-0.0195495393127203
-0.8395074605941772
0.1144605353474617
-0.5389795303344727
0.2095871865749359
0.23314808309078217
-0.39702582359313965
-0.15252798795700073
-0.11273778975009918
0.542974591255188
0.13764147460460663
-0.1373218148946762
0.10411348193883896
0.3274643123149872
0.2577277719974518
-0.08457501977682114
-0.435902863740921
-0.387312114238739
0.29145509004592896
-0.01985364779829979
-0.15896452963352203
-0.289334237575531
-0.14347514510154724
0.05013663321733475
-0.10297548770904541
0.24617266654968262
-0.035045865923166275
0.19401168823242188
0.18771235644817352
-0.1446588635444641
-0.1472318023443222
0.080931156873703
0.040406059473752975
0.18856491148471832
-0.08181051164865494
-0.5548315644264221
0.18350055813789368
-0.05763987451791763
-0.24295853078365326
-0.14804412424564362
-0.1510898768901825
-0.08569332957267761
0.15926744043827057
0.16512249410152435
-0.23857617378234863
0.0132161695510149
0.08184707164764404
-0.022586166858673096
-0.2796318531036377
-0.014906562864780426
0.0037301918491721153
0.12404240667819977
-0.05746950954198837
-0.6260654926300049
-0.007120936643332243
-0.4236906170845032
-1.0262268781661987
-0.0023170055355876684
-0.5574029088020325
-0.8846556544303894
0.45917195081710815
0.1243446096777916
0.08784881979227066
-0.7922640442848206
-0.39010101556777954
0.12493561208248138
-0.32867833971977234
-0.39381149411201477
0.12591421604156494
0.025600023567676544
0.26729482412338257
-0.08553887158632278
0.12951534986495972
0.07303236424922943
0.14469939470291138
-0.344780296087265
-0.12713748216629028
0.03855423629283905
-0.017595550045371056
0.35707277059555054
0.009541871957480907
0.11638063937425613
-0.023499131202697754
0.01827731542289257
-0.4082590639591217
-0.023401768878102303
-0.05747072398662567
0.2738456130027771
0.40547508001327515
0.06770987063646317
0.2300187051296234
0.303580105304718
-0.1457560509443283
-0.004457708448171616
0.09352806955575943
0.0034081365447491407
0.23362213373184204
0.29938894510269165
0.20922330021858215
-0.5295470356941223
0.1153566837310791
0.40438932180404663
-0.25598156452178955
0.41585126519203186
0.24239581823349
0.19149905443191528
-0.07513926923274994
0.3728514313697815
-0.21824459731578827
0.14864635467529297
0.3707413077354431
-0.1008533388376236
0.13872531056404114
-0.12769950926303864
0.028579730540513992
0.5130279660224915
0.4617001712322235
0.1883300095796585
0.35955220460891724
0.5062551498413086
-0.011780665256083012
0.029760638251900673
0.5638339519500732
-0.16063904762268066
0.16612508893013
0.09452497959136963
0.16672521829605103
0.12415557354688644
-0.21723705530166626
-0.10738503187894821
-0.08278320729732513
0.1904490441083908
-0.09873441606760025
0.3319557309150696
-0.15227925777435303
-0.04180311784148216
0.02549625001847744
0.007446493487805128
-0.24236778914928436
-0.21340970695018768
-0.003448604140430689
-0.2957730293273926
-0.13663534820079803
-0.09710473567247391
-0.18975751101970673
-0.56005859375
-0.027482008561491966
-0.48389437794685364
0.022590408101677895
-0.13678711652755737
-0.22183340787887573
-0.2930881679058075
-0.15265993773937225
0.3706046938896179
-0.049191687256097794
-0.4596205949783325
0.20871257781982422
0.06699193269014359
-0.08359480649232864
-0.24538841843605042
0.40819650888442993
0.6598769426345825
-0.47404444217681885
0.17959430813789368
0.7846131324768066
-0.09870600700378418
-0.028614409267902374
0.32086583971977234
-0.6382666826248169
-0.8769353628158569
-0.4372965693473816
-0.4463544189929962
-1.2508611679077148
-0.6199531555175781
-1.3514690399169922
-0.060173336416482925
0.0984933152794838
0.1921137273311615
0.2557733654975891
-0.04110143333673477
0.08825652301311493
0.07436897605657578
0.03670896962285042
0.022022880613803864
-0.10152991116046906
0.05247584357857704
-0.3895793855190277
-0.22500444948673248
-0.15860353410243988
-0.21050629019737244
-1.011564016342163
-0.36042505502700806
-0.5539251565933228
-0.2575819790363312
0.09009567648172379
0.2663089632987976
0.49415352940559387
-0.1914631575345993
-0.2692331373691559
-0.2817729115486145
-0.5038576126098633
-0.0007604524143971503
-0.2867487370967865
-0.4701946973800659
0.2251065969467163
-0.2990904450416565
-0.2903118133544922
-0.3306448757648468
-0.44551852345466614
-0.5595641732215881
-0.05965202674269676
-0.02421802468597889
-0.15374356508255005
0.3831440508365631
0.24502800405025482
0.17998912930488586
-0.11465360969305038
0.06587956845760345
0.11887801438570023
-0.1834893822669983
0.1205969899892807
-0.11898466944694519
0.2361987978219986
0.23438143730163574
-0.5762201547622681
-0.2343180775642395
-0.067847341299057
-0.5684521198272705
0.06099727377295494
-0.5181713104248047
-0.7701821327209473
0.039122264832258224
0.22242578864097595
0.5500189065933228
-0.4209374785423279
0.1959088295698166
0.4661266505718231
-0.1628316193819046
0.0729764774441719
0.29829102754592896
-0.1449480652809143
-0.5398579239845276
-0.35005462169647217
-0.21290826797485352
-1.1481938362121582
-0.4508204758167267
-0.7602766156196594
-0.2322215884923935
-0.02223665453493595
0.04253673553466797
0.24625256657600403
0.06847859174013138
-0.09880329668521881
0.35280612111091614
-0.044512178748846054
0.1354406476020813
0.1886739283800125
-0.04970083013176918
0.7388573288917542
0.4393123388290405
-0.15420220792293549
0.14929935336112976
0.4437655806541443
-0.07386049628257751
0.03512003645300865
0.159450963139534
0.02532780170440674
0.050709426403045654
-0.2937501072883606
-0.3902164101600647
0.25545892119407654
-0.08258269727230072
-0.06536667048931122
0.19176644086837769
-0.13551567494869232
-0.04875834658741951
-0.1897081583738327
0.23208527266979218
0.2550194561481476
0.31707146763801575
0.5446719527244568
0.870512068271637
1.2925513982772827
-0.45010530948638916
0.23494476079940796
0.39708682894706726
0.4917672872543335
0.15809498727321625
0.32619473338127136
-0.03358909487724304
-0.25668397545814514
0.02142436057329178
0.2870371341705322
-0.1894076019525528
0.07243853807449341
0.5193769335746765
0.3937174081802368
0.42140400409698486
-0.5056653022766113
0.008358318358659744
0.30307888984680176
-0.3402084410190582
-0.2682736814022064
-0.2055240124464035
0.27422478795051575
0.33492913842201233
0.3071606755256653
-0.4739677906036377
-0.14164789021015167
0.18494896590709686
-0.71653151512146
-0.7874241471290588
-0.4467858076095581
-0.16869963705539703
-0.05870438739657402
-0.02371436357498169
-0.08297304809093475
-0.02869338169693947
0.03518614545464516
-0.038174718618392944
0.14533230662345886
0.03752189502120018
0.17674435675144196
0.22115905582904816
0.10870587080717087
0.08956074714660645
0.2423916757106781
0.2528131604194641
-0.2462492734193802
0.09492799639701843
0.20795734226703644
-0.2685284912586212
-0.36715322732925415
-0.2793057858943939
0.31184297800064087
0.037139903753995895
-0.017490491271018982
0.10648930072784424
-0.15921257436275482
0.021623842418193817
0.16535837948322296
0.10906986892223358
0.21673820912837982
0.4801730811595917
0.2040998488664627
0.5760537981987
-0.008895626291632652
0.08617903292179108
0.2582618296146393
-0.060300204902887344
-0.40397995710372925
-0.15586505830287933
0.9407768249511719
0.13503365218639374
-0.17812250554561615
0.4553360641002655
0.4503895342350006
0.7862528562545776
0.2055053859949112
-0.04785053804516792
0.10304538160562515
0.17607007920742035
0.27151408791542053
0.1302156001329422
-0.1397247612476349
-0.10955888032913208
-0.07082986831665039
-0.07452211529016495
-0.031408753246068954
0.138149231672287
-0.004669138230383396
0.13732175529003143
0.06559048593044281
-0.039936162531375885
0.007879437878727913
-0.0919320285320282
-0.08423595875501633
-0.16411304473876953
-0.11244567483663559
0.09399505704641342
0.10449597239494324
0.13938359916210175
0.09780216217041016
0.08754874765872955
0.04060254245996475
-0.42492735385894775
-0.3598024249076843
-0.315897136926651
-0.10248277336359024
-0.5276912450790405
-0.2752290368080139
0.32018905878067017
0.26661115884780884
0.5201343894004822
-0.029826991260051727
-0.0702059343457222
-0.2874387502670288
0.02636951208114624
0.18811076879501343
-0.4799075424671173
0.20371262729167938
0.38328859210014343
0.44742727279663086
-0.3627963960170746
-0.13251012563705444
-0.11347562819719315
-0.9296039938926697
-0.25249654054641724
-0.23828044533729553
-0.2771539092063904
-0.13477642834186554
-0.05890233814716339
-0.045132655650377274
0.003142347326502204
0.021109260618686676
0.04057575389742851
0.30938974022865295
0.2519022524356842
-0.07622961699962616
0.11737895011901855
0.013798628002405167
0.07050565630197525
0.003384313778951764
0.05125804990530014
0.13993538916110992
0.048510026186704636
0.1699369102716446
-0.09616861492395401
-0.13152848184108734
0.024222206324338913
-0.03418858349323273
-0.03771760314702988
0.09080638736486435
0.16311843693256378
0.06339248269796371
0.258058100938797
-0.26394838094711304
-0.13593856990337372
0.31379812955856323
0.18219324946403503
0.21942158043384552
0.31008678674697876
-0.08481086790561676
0.11853644251823425
0.3764578104019165
-0.0017068522283807397
-0.09420966356992722
0.05072362720966339
-0.4494849443435669
-0.4534235894680023
-0.26482051610946655
-0.7076746821403503
-0.24983873963356018
-0.5789989829063416
-0.18576401472091675
0.17512857913970947
-0.15572281181812286
0.09916028380393982
0.21246875822544098
0.20574378967285156
0.08210992813110352
-0.32104653120040894
0.3608907163143158
-0.3840315639972687
-0.17284581065177917
0.3082713484764099
-0.12193898856639862
-0.23179510235786438
-0.14994584023952484
0.29008927941322327
-0.20781487226486206
-0.10841769725084305
0.022869981825351715
-0.07407361268997192
0.02158801443874836
0.05050942301750183
0.3114970922470093
0.28381651639938354
0.4372861981391907
0.5904359221458435
0.49142974615097046
-0.6161707639694214
0.20606163144111633
0.30079689621925354
0.04356171935796738
-0.1269960105419159
0.20895862579345703
0.3301353454589844
0.022726505994796753
0.09576498717069626
0.4111316502094269
0.5072179436683655
0.725254476070404
-0.02192297950387001
0.1399124413728714
0.12466500699520111
0.08444743603467941
-0.12700054049491882
-0.06421194970607758
0.10413941740989685
0.1821150928735733
0.19974711537361145
0.10309034585952759
-0.4840223789215088
-0.24872909486293793
0.22019551694393158
-0.19251175224781036
-0.225628063082695
0.11889215558767319
0.14157451689243317
0.2733800709247589
-0.0043592001311481
-0.05281038209795952
-0.06410588324069977
0.5466508865356445
0.22761520743370056
0.37589991092681885
0.007280614227056503
0.10347215831279755
0.1276632398366928
-0.9076598882675171
-0.40545377135276794
-0.14524370431900024
-0.8164812326431274
-0.31212127208709717
-0.8252067565917969
-0.008628965355455875
0.3124668598175049
-0.005569614004343748
0.2548925280570984
0.48179370164871216
0.3231017291545868
0.41583871841430664
0.6707901358604431
0.6375463008880615
-0.7438858151435852
-0.08053550124168396
-0.0024568827357143164
-0.18946166336536407
0.1603672057390213
-0.307889461517334
0.07422957569360733
-0.10451602190732956
-0.13481010496616364
0.12102971225976944
0.20441997051239014
0.2792573571205139
-0.25010591745376587
-0.351344496011734
-0.2555520236492157
-0.2284637838602066
-0.3425258696079254
-0.21845170855522156
-0.05498281866312027
-0.44596168398857117
-0.06156042218208313
0.17537575960159302
0.46412423253059387
0.5699436664581299
0.14299814403057098
0.4360480010509491
0.8196210861206055
-0.12561456859111786
-0.40022608637809753
0.015458096750080585
-0.03178522363305092
0.12530642747879028
0.0251669529825449
0.5610265135765076
0.36789610981941223
0.01121105719357729
-0.4658747911453247
0.41738465428352356
-0.3823740780353546
-0.5346860289573669
0.29532986879348755
0.26592543721199036
-0.12875021994113922
0.5863248109817505
0.290811687707901
-0.6395501494407654
0.26422783732414246
0.04803493246436119
-0.5318222045898438
0.3173621594905853
0.22131812572479248
-0.2583821415901184
0.47703462839126587
0.5665345788002014
0.3540877401828766
-0.46134668588638306
-0.49615293741226196
-0.0008701592450961471
-0.012446985580027103
0.29503050446510315
0.19843018054962158
0.11803284287452698
0.042497314512729645
0.2225550413131714
0.3279076814651489
0.0074466862715780735
0.2060619592666626
0.19877049326896667
0.41936787962913513
0.1590430736541748
0.04515198990702629
-0.2236892580986023
-0.592612087726593
-0.08997417241334915
-0.0802684873342514
-0.09277936071157455
0.10275784134864807
0.06500884890556335
-0.1503535658121109
-0.29650169610977173
-0.21884874999523163
-0.12579679489135742
-0.012246837839484215
-0.03418336436152458
0.27138566970825195
0.09296735376119614
-0.06979815661907196
0.19626443088054657
-0.1504615694284439
-0.20187567174434662
-0.010447531007230282
0.08503202348947525
0.047356341034173965
0.009359811432659626
0.2582238018512726
0.026931514963507652
0.4679189622402191
0.5192390084266663
0.16312721371650696
-0.17531734704971313
0.0016786035848781466
-0.8166574239730835
-0.3343547284603119
-0.10267069935798645
-0.29070040583610535
-0.17212320864200592
-0.4767821431159973
-0.6356685161590576
-0.4400117099285126
-0.5601151585578918
-0.5053223967552185
-0.2947863042354584
0.2880469560623169
0.13674934208393097
-0.0622662790119648
0.00782376155257225
-0.2711702287197113
-0.25015878677368164
-0.1896175742149353
0.0009853498777374625
0.2750187814235687
0.23622368276119232
0.34607040882110596
-0.13967351615428925
-0.06426935642957687
-0.1883372664451599
-0.42264607548713684
-0.18172435462474823
-0.059234607964754105
0.1524953544139862
-0.011233065277338028
0.3247631788253784
0.31672197580337524
0.12834934890270233
-0.06046902388334274
-0.2800593972206116
-0.18280243873596191
-0.15407761931419373
-0.020694920793175697
-0.15097005665302277
-0.1167859435081482
-0.23168610036373138
-0.11763107776641846
-0.2534089684486389
-0.2846846580505371
-0.08057347685098648
-0.037634626030921936
-0.011439777910709381
0.17013773322105408
-0.0971502810716629
-0.23195572197437286
-0.04147779196500778
-0.2759213447570801
-0.002170757157728076
0.23223920166492462
0.1317649632692337
0.019446827471256256
-0.24011272192001343
0.21003586053848267
-0.270810067653656
-0.38113975524902344
-0.30939167737960815
0.3064889907836914
-0.23013825714588165
-0.09124719351530075
0.4277816414833069
0.054604463279247284
0.2793530821800232
0.18805783987045288
0.03071935661137104
0.023062197491526604
-0.27900615334510803
-0.3748985528945923
-0.23011626303195953
-0.05237279087305069
0.011367246508598328
0.07018224895000458
0.0013562437379732728
-0.17324453592300415
-0.2819262146949768
-0.0567801333963871
0.07249540835618973
0.09295712411403656
0.16951332986354828
0.14721299707889557
0.23135825991630554
-0.01770951971411705
0.1852232664823532
-0.176758274435997
-0.42414000630378723
-0.33157381415367126
-0.11164163798093796
-0.16699521243572235
0.2965140640735626
0.26251766085624695
0.16466693580150604
0.6124846935272217
0.5177348852157593
0.12391113489866257
-0.36190348863601685
-0.5034744739532471
-0.08157916367053986
-0.3314118981361389
0.07281313091516495
-0.36691421270370483
-0.14460761845111847
-0.14723148941993713
-0.30474963784217834
-0.16360658407211304
0.19754019379615784
0.3885957896709442
0.514657199382782
0.11901792883872986
-0.06542889028787613
0.7746284008026123
0.15622195601463318
-1.009360432624817
0.5499327778816223
0.20882998406887054
-0.32158491015434265
-0.09152932465076447
0.07376059889793396
-0.050572387874126434
-0.37421077489852905
-0.1980033963918686
0.13266852498054504
-0.398573100566864
-0.0219022948294878
0.32502421736717224
0.12678351998329163
0.24349987506866455
0.2143065333366394
-0.08484786003828049
-0.28722405433654785
-0.9722128510475159
0.15858693420886993
0.08622585237026215
-0.2914322018623352
-0.10985194891691208
-0.35220855474472046
0.082747682929039
0.16253575682640076
-0.06967297941446304
0.12083300203084946
-0.47385358810424805
-0.11686282604932785
-0.3460925221443176
-0.007012311834841967
-0.042603615671396255
0.12659382820129395
0.6660994291305542
0.18999925255775452
-0.4663659632205963
-0.4007432460784912
-0.20644325017929077
-0.3338775932788849
0.008790954947471619
-0.03046959452331066
-0.07715745270252228
-0.3985574543476105
-0.3399256765842438
-0.09551014751195908
0.003645358607172966
0.1765870898962021
0.18232929706573486
0.1321709305047989
-0.0546078234910965
0.4190542697906494
0.2504112422466278
0.010265513323247433
-0.26943501830101013
-0.5145838260650635
-0.35967132449150085
-0.5287101864814758
-0.15422645211219788
0.21963922679424286
-0.3411860167980194
-0.08676570653915405
-0.04926314204931259
-0.1640293300151825
-0.013837601989507675
0.15871348977088928
0.0929081067442894
0.3489494025707245
0.4265066981315613
0.33897194266319275
0.1748192459344864
-0.17271874845027924
-1.045567512512207
0.1776297390460968
-0.057047709822654724
-0.28612959384918213
0.3103668689727783
-0.14002451300621033
-0.072788767516613
-0.050307467579841614
-0.3776055574417114
0.050106607377529144
0.22373588383197784
0.06017361208796501
0.15676240622997284
0.04605833813548088
-0.1364610493183136
-0.0431581474840641
-0.7040270566940308
-0.15619467198848724
0.20864158868789673
-0.10366214066743851
0.16104893386363983
0.43662407994270325
0.12374763190746307
-0.029065420851111412
0.07525543123483658
-0.18169693648815155
0.09833317995071411
0.5488768219947815
-0.38688281178474426
-0.13584987819194794
0.14401184022426605
-0.418300986289978
-0.29695242643356323
-0.421749472618103
-0.7049132585525513
0.38237467408180237
0.3743818700313568
0.024447811767458916
0.4340894818305969
0.27095359563827515
0.006860272027552128
-0.24239496886730194
-0.024924691766500473
0.40346434712409973
-0.14125347137451172
-0.23996661603450775
-0.0367392860352993
0.27907565236091614
0.215372234582901
-0.5396549701690674
-0.34735122323036194
0.410163015127182
0.9195371270179749
-1.094685673713684
-0.6901868581771851
-0.5506977438926697
-0.1895480751991272
-0.020741546526551247
0.1606195867061615
-0.05824200063943863
-0.30224230885505676
0.14770035445690155
-0.7341065406799316
-0.4752996265888214
0.11041756719350815
-0.4372032880783081
-0.3038545846939087
-0.25459209084510803
0.03005899488925934
-0.11138904094696045
-0.4569042921066284
0.12673203647136688
-0.09543230384588242
-0.07658608257770538
0.11441570520401001
0.20558767020702362
0.03143507242202759
0.02140302211046219
-0.4644069969654083
-0.052689991891384125
-0.028860894963145256
-0.004631612915545702
0.0060770404525101185
0.13900794088840485
-0.11720666289329529
-0.10287119448184967
0.1374371200799942
-0.239327535033226
-0.2700238525867462
0.35314181447029114
0.0769401416182518
-0.013483921997249126
0.019380196928977966
0.21335290372371674
0.2775675356388092
-0.4319119453430176
-0.6526288390159607
0.147561714053154
0.23282569646835327
0.12532693147659302
-0.25151950120925903
0.38312312960624695
0.2928652763366699
-0.12870828807353973
-0.09324093163013458
-0.29493147134780884
-0.5338941216468811
0.7022833228111267
0.8423864841461182
-0.061848729848861694
0.20965394377708435
0.0418068952858448
0.3714553415775299
0.16276641190052032
-0.1370154321193695
-0.4308176636695862
0.11071900278329849
0.05387072637677193
0.058474648743867874
0.04476030170917511
-0.09927865862846375
0.22501163184642792
0.04596138373017311
-0.2261344939470291
-0.581551194190979
0.3213995099067688
-0.12051106989383698
-0.0021044882014393806
0.3161050081253052
0.02285882458090782
0.0014613118255510926
0.006533856503665447
0.05050928518176079
-0.19805718958377838
0.2732914984226227
-0.005473048891872168
-0.19231824576854706
0.3892093896865845
0.2157025784254074
0.06293031573295593
0.20999491214752197
-0.4178544878959656
-0.12141688913106918
0.9883817434310913
0.45925208926200867
-0.15294399857521057
0.11904861778020859
-0.08082033693790436
-0.15672405064105988
0.5279911160469055
-0.161793053150177
-0.2609105110168457
0.23514753580093384
-0.09831150621175766
-0.27938103675842285
-0.08317858725786209
-0.18139633536338806
-0.21920844912528992
-0.1279819756746292
0.2899262607097626
0.01343145314604044
-0.1378452181816101
0.1021798625588417
-0.239899680018425
-0.20504286885261536
-0.34083443880081177
-0.12391345202922821
-0.09150588512420654
-0.03421498090028763
-0.09127680957317352
0.18521136045455933
0.23297514021396637
-0.08495847880840302
0.21896681189537048
0.11053600907325745
0.09870637208223343
0.03577888011932373
-0.24304796755313873
-0.7949263453483582
0.058757852762937546
-0.014443009160459042
-0.08572883158922195
0.18310676515102386
-0.15335144102573395
0.08311484754085541
-0.09138789772987366
0.06843653321266174
-0.6409952640533447
0.11078105121850967
0.3846924901008606
0.31666359305381775
-0.13695117831230164
0.3499282896518707
-0.18064425885677338
-0.12818336486816406
0.3491402864456177
0.6446637511253357
-0.3423807919025421
-0.2562912404537201
-0.36907416582107544
0.07619950920343399
0.22800496220588684
-0.032910123467445374
0.2602675259113312
0.22827383875846863
-0.5535567402839661
0.567413330078125
0.4701085388660431
-0.14653125405311584
0.0554564893245697
-0.250389963388443
-0.32346999645233154
-0.3005558252334595
-0.20313364267349243
-0.29895448684692383
-0.15479207038879395
0.165781170129776
0.17412778735160828
-0.1539260298013687
0.008044500835239887
-0.4228103458881378
0.14280959963798523
-0.14124664664268494
-0.6536484360694885
-0.021529795601963997
-0.1428721845149994
-0.29746127128601074
0.004803100135177374
-0.014575990848243237
0.06138859689235687
-0.1146049052476883
0.05477282032370567
-0.2178262174129486
0.2206476628780365
0.3376997113227844
0.06980080902576447
0.26873964071273804
-0.05617675185203552
-0.10404554754495621
-0.37938687205314636
-0.573391318321228
-0.3760952055454254
0.4692087769508362
0.4097309708595276
-0.6008303165435791
0.2873761057853699
0.38107791543006897
0.4338598847389221
-0.23301656544208527
-0.1769409328699112
0.5783102512359619
0.6336220502853394
0.1256716400384903
-0.38911348581314087
0.36503705382347107
0.38217201828956604
-0.0918460562825203
0.4231480360031128
-0.11797810345888138
-0.38381728529930115
0.46966490149497986
0.1985502541065216
-0.2877577245235443
-0.10051744431257248
-0.03076234646141529
0.07380273193120956
0.07645464688539505
-0.4716804027557373
0.031420525163412094
0.5864442586898804
0.28064578771591187
-0.18036173284053802
0.5311029553413391
0.33615073561668396
-0.0781683623790741
-0.22220656275749207
-0.3620508313179016
-0.3863241970539093
0.09215369075536728
0.03332531452178955
-0.5387451648712158
0.031301017850637436
-0.448231965303421
-0.44226551055908203
-0.1432720422744751
-0.10583677142858505
-0.07685688138008118
-0.03127605840563774
0.2732281982898712
0.08618800342082977
0.037614692002534866
0.005441838875412941
-0.15818282961845398
0.22766372561454773
-0.031467072665691376
-0.4103095531463623
0.4646676182746887
0.08477238565683365
-0.17084944248199463
0.1415131390094757
-0.04964883625507355
0.23652271926403046
0.3468790650367737
-0.18468591570854187
-0.3317006826400757
0.03369733691215515
-0.19584135711193085
0.1454366147518158
-0.22092550992965698
-0.037279073148965836
0.211201012134552
-0.08067362755537033
0.1897864192724228
-0.5412636995315552
-0.4655407667160034
-0.6959158778190613
0.11641640961170197
-0.03832442685961723
-0.11229239404201508
0.3288056254386902
-0.1551758497953415