-0.2780519723892212
-0.6461365222930908
-0.4955766499042511
0.6494076251983643
0.00026860428624786437
-0.345419317483902
0.25424325466156006
0.31830930709838867
0.40648171305656433
0.3981300890445709
-0.5068208575248718
-0.48824432492256165
-0.06783216446638107
-0.11613694578409195
0.3119801878929138
0.5513317584991455
0.25162726640701294
0.040983088314533234
0.1746215522289276
0.4200059175491333
-0.6793259978294373
-0.7195202112197876
-0.2328769862651825
0.11523178964853287
0.2051795870065689
0.5174720883369446
0.47829684615135193
0.19507302343845367
0.10557688772678375
0.5533924102783203
-0.6198606491088867
-0.06375919282436371
-0.0256643109023571
-0.352119505405426
0.16109047830104828
-0.21300549805164337
-0.15152178704738617
0.1568566858768463
-0.5857558846473694
-0.6386789679527283