-0.049607954919338226
-0.35089853405952454
0.14362643659114838
-0.10585455596446991
0.22163932025432587
0.20776285231113434
-0.06266538053750992
-0.03424465283751488
-0.06824909895658493
-0.036234285682439804
0.03354069963097572
-0.0482255183160305
-0.019225509837269783
-0.00036386778810992837
0.03329535573720932
0.058749645948410034
-0.0540408231317997
0.003561191027984023
0.08250976353883743
0.0507684089243412
0.11350911855697632
-0.058576829731464386
-0.0006352668860927224
0.004034067038446665
-0.34510689973831177
-0.39589250087738037
-0.2259686440229416
-0.09411712735891342
0.12306033074855804
0.24443134665489197
0.1363997459411621
0.3848930895328522
0.14302289485931396
0.17890657484531403
-0.03524985909461975
-0.6450315713882446
-0.5097858309745789
-0.1955515295267105
-0.30955269932746887
0.19516950845718384
0.010585475713014603
-0.20164865255355835
0.015129275619983673
0.040525488555431366
0.0948454812169075
-0.0027505564503371716
-0.08332092314958572
-0.5268216133117676
-0.4936257004737854
-0.33099591732025146
-0.5352468490600586
-0.6463932394981384
-0.3718758523464203
-0.3607293963432312
0.08507386595010757
0.1333228498697281
-0.08170928061008453
-0.019792400300502777
-0.05884537100791931
-0.09373306483030319
-0.4108979403972626
-0.31093141436576843
-0.1681094765663147
-0.2537091374397278
0.05064068362116814
0.131662517786026
0.16457030177116394
0.15667755901813507
-0.0658029094338417
-0.08723071962594986
-0.4379063546657562
-0.2581930458545685
0.07027918100357056
0.26984119415283203
0.0821615681052208
-0.13116677105426788
0.15468059480190277
-0.21589326858520508
-0.12790948152542114
-0.38477596640586853
-0.24962091445922852
0.14564594626426697
0.29489171504974365
0.3457840085029602
0.13091236352920532
-0.027322307229042053
0.1412394791841507
-0.34650522470474243
-0.432015061378479
-0.13376829028129578
-0.11065525561571121
-0.5030180811882019
-0.10076063126325607
0.1344999521970749
-0.36455562710762024
-0.26599255204200745
-0.1894831359386444
-0.15004536509513855
0.12667298316955566
-0.014423670247197151
-0.04331933334469795
0.04467584937810898
-0.009831666015088558
0.006040725391358137
-0.00719138327986002
0.04034508392214775
0.019657284021377563
0.05606924369931221
-0.0036335038021206856
-0.34414222836494446
0.024206077679991722
0.3271158039569855
-0.5482329726219177
-0.20140816271305084
-0.2892075479030609
-0.10994665324687958
-0.0631788969039917
-0.0898856669664383
-0.17359675467014313
0.1766396313905716
-0.0661691278219223
-0.26361384987831116
0.1874924600124359
0.1483122557401657
0.032167620956897736
-0.11708526313304901
0.02427268587052822
-0.013861333020031452
-0.007116080727428198
0.04344702139496803
-0.05661517381668091
0.03663913533091545
-0.006752936635166407
-0.05502790957689285
-0.035054031759500504
0.16329394280910492
0.27904054522514343
0.07010600715875626
0.017333699390292168
-0.03287395462393761
-0.2667546272277832
0.03332135081291199
-0.26671916246414185
-0.004250640049576759
-0.04150201752781868
-0.031929805874824524
0.04603665694594383
0.008461682125926018
0.022917194291949272
0.00031270855106413364
-0.02552359737455845
-0.034595634788274765
0.007308207452297211
0.17427052557468414
0.17929169535636902
-0.16571636497974396
0.42943572998046875
0.06286568939685822
0.13650423288345337
-0.18257130682468414
-0.49200597405433655
-0.2604358494281769
0.05663663521409035
-0.04326885566115379
-0.016484834253787994
-0.04180726781487465
-0.030451294034719467
-0.05447615683078766
0.003943427931517363
0.008252098225057125
0.004507682751864195
-0.19447891414165497
-0.26187360286712646
-0.06745552271604538
-0.23823212087154388
-0.26688650250434875
0.17509813606739044
-0.19726985692977905
-0.11157069355249405
-0.03066916950047016
-0.1573874056339264
-0.11651590466499329
0.34422287344932556
-0.006222449243068695
0.16537974774837494
-0.0042189545929431915
0.12572838366031647
0.24952161312103271
0.06600327044725418
0.3423670530319214
0.10732537508010864
0.049296364188194275
-0.01934337615966797
0.06852257996797562
-0.20575235784053802
-0.45136427879333496
-0.594972550868988
-0.05147972330451012
0.11534762382507324
0.3429630398750305
0.421438068151474
0.3584722578525543
0.43959444761276245
-0.013747516088187695
-0.2709572911262512
-0.35374248027801514
0.062412239611148834
-0.0394144281744957
0.022045612335205078
-0.049329113215208054
0.004805885720998049
-0.04313379526138306
0.047651007771492004
-0.02634386718273163
-0.000831149925943464
0.002542164409533143
-0.18447965383529663
-0.20758281648159027
-0.03651062771677971
-0.10515431314706802
-0.17950864136219025
0.03614050894975662
-0.2578517198562622
-0.5186153650283813
-0.1759621798992157
0.04552222415804863
-0.06930743902921677
-0.6433786153793335
-0.5936025977134705
-0.4009551405906677
-0.1725717931985855
-0.3848187327384949
-0.30205991864204407
-0.02976921573281288
0.18594126403331757
-0.2967047095298767
-0.28840747475624084
-0.2214936912059784
-0.04946524649858475
-0.06552881002426147
-0.5208137035369873
-0.28292742371559143
-0.14198453724384308
0.07718202471733093
0.40419989824295044
-0.07881457358598709
0.08826369792222977
-0.2267267256975174
-0.1729811728000641
-0.2592688500881195
-0.42763787508010864
-0.2080766260623932
-0.117781862616539
0.23241278529167175
-0.146672323346138
0.275434285402298
0.14916522800922394
-0.003377201734110713
0.387410432100296
0.03466634824872017
0.35653358697891235
0.155138298869133
0.24249939620494843
0.32487577199935913
0.2342381626367569
-0.07317382097244263
0.002785559045150876
0.11294674873352051
0.03135702759027481
-0.024873539805412292
0.17720220983028412
0.23194630444049835
0.05370786786079407
0.0706813633441925
0.21420279145240784
0.2104051113128662
0.03350730612874031
0.2634020447731018
0.10721562802791595
0.40332847833633423
-0.12571637332439423
-0.23346024751663208
0.1987823247909546
-0.2050841897726059
-0.1274205595254898
-0.1435481309890747
-0.10804560780525208
0.3052005469799042
-0.26366496086120605
-0.2529175579547882
0.25734642148017883
0.6087168455123901
-0.2526184916496277
0.05774112790822983
-0.05254916474223137
-0.16294391453266144
-0.41084128618240356
-0.5538381338119507
0.0460742823779583
0.0007465190137736499
-0.024413688108325005
0.012221532873809338
-0.04244518652558327
0.04510878026485443
0.053342610597610474
0.05107981711626053
-0.026808254420757294
0.5190801024436951
0.7434660196304321
0.20705650746822357
0.22840212285518646
-0.05783821642398834
0.01860869489610195
-0.3612518012523651
-0.593324601650238
-0.5775048732757568
0.19319580495357513
0.714381992816925
0.37694573402404785
-0.09790784865617752
-0.10378556698560715
-0.11847459524869919
-0.18142375349998474
-0.7421438097953796
-0.3370610177516937
-0.15886197984218597
0.012554964050650597
-0.5979503393173218
0.07436072081327438
-0.309132844209671
-0.21306221187114716
-0.2316419780254364
0.2827582359313965
-0.2885100245475769
-0.2746869623661041
-0.35550403594970703
-0.1950872540473938
-0.5440667271614075
-0.03862816467881203
0.2560475766658783
0.07981101423501968
-0.06518207490444183
0.37450531125068665
0.5165979266166687
0.17893990874290466
-0.44647127389907837
-0.1417323797941208
-0.3634117543697357
-0.3843585252761841
-0.5596509575843811
-0.0848526656627655
-0.35341134667396545
0.02461680769920349
-0.1668243706226349
-0.5219863057136536
0.1495303064584732
-0.28236716985702515
-0.7836431860923767
-0.7499740123748779
-0.6420658230781555
-0.3365724980831146
0.05638546869158745
-0.06748642772436142
-0.6924318075180054
-0.5814861059188843
-0.4244960844516754
-0.1800810843706131
-0.32999172806739807
-0.18222376704216003
0.27771127223968506
0.40126121044158936
-0.17959141731262207
-0.05175517499446869
-0.27647390961647034
-0.4142437279224396
-0.3316746950149536
-0.043737832456827164
0.11081172525882721
0.26555371284484863
-0.5625159740447998
-0.3397606313228607
-0.24043089151382446
-0.3316044211387634
-0.5129638314247131
-0.29440319538116455
-0.3560764789581299
-0.015461630187928677
0.0774247795343399
-0.05534457415342331
0.044666141271591187
0.03311619162559509
-0.026481280103325844
0.01131949108093977
0.006670497357845306
0.03247687965631485
0.05544197931885719
0.043056294322013855
-0.28902366757392883
-0.4319918751716614
-0.21527697145938873
-0.4763190448284149
0.44814494252204895
0.17920270562171936
-0.2350938618183136
0.12130529433488846
0.12552258372306824
-0.05232357606291771
-0.31496697664260864
0.07838946580886841
0.21369916200637817
-0.37336674332618713
0.019258281216025352
-0.035160187631845474
-0.04671165347099304
-0.049737948924303055
-0.041973426938056946
-0.042076483368873596
-0.033653732389211655
0.011435809545218945
-0.013734997250139713
-0.029306165874004364
-0.05848121643066406
-0.038066647946834564
-0.01115575060248375
-0.08843591809272766
-0.03791053965687752
-0.6005013585090637
-0.3353392779827118
-0.1508677899837494
-0.4883153438568115
-0.6393986344337463
-0.008294481784105301
0.24407526850700378
0.019090091809630394
0.019625160843133926
0.004904298577457666
0.04141295328736305
0.03425252065062523
-0.05529562011361122
0.03267261013388634
-0.006405984051525593
0.011651629582047462
-0.007251731585711241
-0.45094701647758484
-0.2874215245246887
-0.148237407207489
0.17437036335468292
0.13364867866039276
0.13717277348041534
0.14261820912361145
0.26655393838882446
0.00906603317707777
-0.008461366407573223
0.03495670109987259
-0.01396776083856821
-0.043371088802814484
0.00200399337336421
0.009186332114040852
-0.04703935235738754
-0.003994551952928305
-0.08439949154853821
0.28399980068206787
0.143881157040596
0.12194029986858368
0.17404137551784515
-0.21660852432250977
-0.14394384622573853
-0.32955050468444824
-0.2679443657398224
0.2929844856262207
0.07900860160589218
0.2516389489173889
0.3977130949497223
-0.018171699717640877
-0.9156041145324707
-0.11842967569828033
-0.08353648334741592
-0.2484426349401474
0.1830751597881317
-0.13109217584133148
-0.38192370533943176
-0.4368085265159607
-0.704777717590332
-0.4325774312019348
-0.15938176214694977
-0.30006611347198486
0.1976252794265747
0.5574887990951538
0.24714991450309753
-0.33874011039733887
-0.043177299201488495
-0.2740738093852997
-0.33493781089782715
-0.21470072865486145
-0.29362180829048157
0.26560357213020325
0.04490840062499046
-0.028709696605801582
-0.050500817596912384
-0.01866442896425724
0.05421673506498337
-0.04516046866774559
0.019425762817263603
-0.0257703959941864
0.011572091840207577
-0.19802594184875488
0.10261017084121704
-0.062158312648534775
-0.16430875658988953
-0.24864515662193298
-0.27490073442459106
-0.21012839674949646
-0.4272524118423462
0.10052357614040375
0.1036079153418541
-0.4955594539642334
-0.43828901648521423
-0.6083903312683105
-0.8359752893447876
0.032704878598451614
-0.20455996692180634
0.015280982479453087
0.2720218598842621
-0.09686795622110367
0.22826457023620605
-0.37635114789009094
0.15608492493629456
-0.14290891587734222
0.12572093307971954
-0.140934556722641
-0.23134315013885498
0.2970179319381714
-0.07490094751119614
-0.24189718067646027
-0.23639754951000214
-0.16794681549072266
-0.3466261327266693
-0.16604529321193695
-0.2638782858848572
-0.02543831430375576
-0.19766061007976532
-0.011822672560811043
0.02395421825349331
-0.1749068945646286
-0.06262172758579254
0.26603493094444275
-0.5558531284332275
-0.05208270624279976
-0.11494497954845428
-0.47759366035461426
0.3549947142601013
0.09835442900657654
-0.4322676360607147
0.08662109076976776
-0.20125779509544373
-0.31383955478668213
-0.3836030662059784
-0.387899786233902
-0.25065428018569946
-0.01852255128324032
-0.013183346018195152
0.12280929088592529
-0.08444438129663467
0.013369935564696789
0.051989082247018814
-0.28598877787590027
-0.11769068241119385
0.048740800470113754
0.36685970425605774
-0.028647618368268013
-0.12529268860816956
-0.6984853744506836
-0.04310692474246025
0.1988396942615509
-0.0014054283965379
0.23689182102680206
0.11587413400411606
0.14715591073036194