-0.656130313873291
-0.34172573685646057
0.05412311851978302
-0.17965996265411377
0.01249679084867239
0.03789249807596207
0.035149410367012024
-0.32071584463119507
0.09226390719413757
-0.03507651016116142
-0.031577929854393005
-0.035011954605579376
0.027812838554382324
0.015998374670743942
0.04157279431819916
-0.04124922677874565
0.05500305816531181
-0.0509515218436718
-0.5373291373252869
-0.21235181391239166
0.09940148144960403
-0.4173080325126648
-0.16575337946414948
-0.0037141148932278156
-0.2471233606338501
-0.03325182572007179
-0.026272736489772797
-0.3328607380390167
0.04981766641139984
0.39444980025291443
-0.6950278878211975
-0.02501622401177883
0.17851753532886505
-0.516933262348175
-0.2570419907569885
0.2305556982755661
0.19246597588062286
-0.14963960647583008
0.19444598257541656
-0.2577078640460968
-0.04798628017306328
0.16607315838336945
-0.09049362689256668
-0.2914840579032898
-0.15830515325069427
-0.5432317852973938
-0.03536534681916237
-0.11915235966444016
-0.3231446146965027
0.10754822939634323
0.12192071974277496
-0.4853336811065674
0.17835888266563416
0.2386915385723114
0.04692236706614494
0.11654753237962723
0.024953536689281464
-0.09721388667821884
0.05440956726670265
-0.07638389617204666
-0.28723379969596863
0.04277491569519043
0.187015563249588
0.29168298840522766
0.30690643191337585
-0.03597589582204819
0.23013059794902802
0.2567196786403656
-0.08173193037509918
0.2283519208431244
0.09123416244983673
0.031105240806937218
-0.04600430652499199
-0.190931499004364
-0.28880104422569275
-0.22290149331092834
-0.18407276272773743
-0.11507904529571533
-0.2691968083381653
-0.10904248058795929
0.014038564637303352
-0.18684262037277222
-0.06985467672348022
-0.17855241894721985
-0.4032716751098633
-0.16189484298229218
-0.08881150931119919
-0.08337439596652985
-0.11525597423315048
0.04119737446308136
0.4117501378059387
0.23127929866313934
0.321485310792923
0.4835880994796753
0.11750964820384979
0.29473134875297546
0.3754288852214813
0.19259987771511078
0.3121356964111328
0.0273251011967659
0.032092295587062836
-0.016027750447392464
-0.04523786902427673
0.054002124816179276
-0.03139761835336685
-0.015864713117480278
0.017723606899380684
-0.04521561786532402
0.2876585125923157
-0.0617174468934536
0.18025614321231842
-0.0990331619977951
-0.17834943532943726
-0.27143919467926025
0.12076524645090103
0.1694217175245285
-0.1253354549407959
-0.01693899556994438
-0.002209476660937071
0.030069541186094284
-0.0789114311337471
0.04266238957643509
-0.15560227632522583
0.021950814872980118
0.005636575166136026
0.1407701075077057
-0.036266177892684937
-0.05407913401722908
-0.031661927700042725
-0.01927907206118107
0.013692984357476234
-0.002728046150878072
-0.01193233486264944
-0.058688193559646606
0.02190314047038555
0.20159853994846344
0.17563465237617493
0.10975414514541626
-0.10711519420146942
0.14101101458072662
-0.06139492616057396
-0.010306062176823616
0.011215923354029655
0.30030855536460876
-0.02317766286432743
0.021490508690476418
-0.03138795867562294
-0.049255069345235825
-0.03179272264242172
-0.0447399839758873
0.005481921136379242
0.022987250238656998
0.02379366010427475
-0.010131126269698143
0.015537320636212826
-0.09285614639520645
0.0735333189368248
-0.13842332363128662
0.037929829210042953
0.07318025827407837
0.30758553743362427
0.34446874260902405
0.01576334983110428
0.0016057414468377829
0.04553021118044853
0.02504999376833439
0.01796436309814453
0.017804887145757675
-0.019561946392059326
0.016577517613768578
0.010774399153888226
0.0645051822066307
-0.06191488355398178
0.3263765275478363
-0.03709438070654869
-0.33425360918045044
0.21776404976844788
0.1635848581790924
-0.5021751523017883
0.1756790429353714
0.0732840970158577
0.15238192677497864
-0.06928740441799164
-0.2895798683166504
0.21799953281879425
0.19606752693653107
-0.25713911652565
0.07305939495563507
-0.07554759085178375
-0.033903878182172775
-0.22764182090759277
-0.14706635475158691
-0.027142496779561043
-0.23818102478981018
-0.2560933232307434
-0.06694712489843369
-0.4417894184589386
-0.08685824275016785
-0.10086138546466827
-0.052338097244501114
0.06322114914655685
-0.2619192600250244
0.03920833393931389
0.16925622522830963
-0.07003732025623322
0.13848832249641418
0.039074596017599106
-0.014955085702240467
0.0516272708773613
0.016568074002861977
0.038708776235580444
0.013763896189630032
0.0320388600230217
0.027184590697288513
-0.0037987306714057922
-0.004275453742593527
-0.2212306410074234
-0.0025661129038780928
0.16393840312957764
0.2014366239309311
0.5904580354690552
0.3407984673976898
0.38831016421318054
0.19129525125026703
0.39190447330474854
-0.21712979674339294
-0.14938610792160034
-0.1590440422296524
0.011183160357177258
-0.3244902789592743
-0.14754162728786469
-0.24923503398895264
-0.3208122253417969
0.18331244587898254
-0.2808603048324585
-0.12014105170965195
0.11493232846260071
-0.2491002380847931
0.2055046409368515
0.15659664571285248
-0.2219243347644806
0.23132112622261047
0.28301262855529785
0.3970412313938141
0.2537577450275421
0.11774143576622009
0.35825350880622864
0.19478338956832886
0.1960669755935669
0.16267186403274536
0.17228877544403076
0.26306721568107605
-0.043906353414058685
-0.061490874737501144
-0.005688194185495377
-0.39030805230140686
0.2163643091917038
0.3376513123512268
-0.24269472062587738
0.033775798976421356
0.22626151144504547
0.09312037378549576
0.1624506562948227
0.09733849763870239
0.008557493798434734
0.1177883893251419
0.17147427797317505
0.04633243381977081
0.2545003890991211
0.003163617802783847
0.12390784174203873
0.15457060933113098
0.09616028517484665
-0.10222767293453217
0.26628345251083374
-0.4285082221031189
-0.08498531579971313
0.012591643258929253
-0.010089839808642864
-0.13992494344711304
-0.28215688467025757
-0.47012361884117126
-0.2959963381290436
-0.5571334958076477
-0.38841211795806885
-0.2842659056186676
-0.2941153943538666
-0.2013425976037979
-0.14867179095745087
-0.1607556790113449
0.0664246529340744
-0.11512577533721924
-0.19209134578704834
-0.25212350487709045
-0.2996857464313507
-0.07385960966348648
-0.316771924495697
-0.43220004439353943
-0.052819300442934036
-0.015541025437414646
-0.04095194488763809
-0.042507339268922806
-0.027434198185801506
0.01790934056043625
-0.018224935978651047
0.03895679488778114
0.04373671114444733
-0.2823500335216522
-0.46728089451789856
-0.5606404542922974
0.03502366691827774
-0.27616894245147705
-0.3326972723007202
-0.009568312205374241
0.005124649964272976
0.05398480221629143
-0.3373560905456543
-0.045435041189193726
-0.15190331637859344
-0.2207609862089157
-0.4117121696472168
-0.2795184552669525
-0.1584603488445282
-0.20577538013458252
-0.011914950795471668
-0.20084470510482788
0.015723982825875282
-0.15202811360359192
0.38017699122428894
0.05424531176686287
0.01664532907307148
0.4492145776748657
0.07987284660339355
0.11515892297029495
0.02060791850090027
-0.1352175772190094
-0.3842673599720001
-0.023760393261909485
-0.056224528700113297
0.05114270746707916
-0.0571432039141655
0.035152073949575424
0.12415774911642075
-0.18111978471279144
-0.3530591130256653
-0.32135239243507385
-0.09267030656337738
-0.06489846855401993
-0.27424952387809753
-0.06727234274148941
-0.2711885869503021
-0.15948081016540527
-0.1106138825416565
-0.014514770358800888
0.037588708102703094
-0.17617098987102509
-0.22960321605205536
-0.1498344987630844
0.06994634866714478
-0.25792741775512695
0.08140326291322708
-0.01678072288632393
0.03751388192176819
-0.32060927152633667
-0.03603282570838928
-0.09664959460496902
-0.2112104743719101
-0.017570247873663902
-0.12522834539413452
-0.017093967646360397
-0.03523276746273041
0.17178937792778015
-0.0014442679239436984
-0.07190927863121033
0.01109421905130148
0.013184459879994392
-0.11858879774808884
-0.008534048683941364
-0.09169022738933563
0.10479489713907242
-0.05565549060702324
-0.3203606903553009
-0.01978769153356552
-0.2529319226741791
-0.06393801420927048
-0.40566307306289673
-0.3989239037036896
-0.3507978022098541
-0.0008656962891109288
0.029191968962550163
0.026356440037488937
-0.03842760622501373
-0.04695369675755501
0.02588842064142227
-0.043839845806360245
0.015489430166780949
0.04566477611660957
-0.21098655462265015
-0.2610352337360382
-0.4598214626312256
-0.49597984552383423
-0.3302321434020996
-0.0686362013220787
-0.389814555644989
-0.5745558142662048
-0.07694132626056671
-0.02225877158343792
0.11064860224723816
-0.20854507386684418
0.1652887463569641
-0.01318422332406044
-0.11030803620815277
-0.01756264828145504
-0.07824312150478363
0.08133943378925323
-0.05450068786740303
0.029277708381414413
-0.05662901699542999
0.029121968895196915
0.02167898416519165
-0.03663059324026108
-0.036616843193769455
0.03442980349063873
0.032054025679826736
-0.00543459365144372
-0.06352763622999191
-0.2620374858379364
-0.21173426508903503
-0.19024381041526794
-0.2861555218696594
-0.1752869337797165
-0.1291731297969818
-0.02906828373670578
0.018132107332348824
0.02947336807847023
-0.055695608258247375
0.01396008301526308
-0.016056368127465248
0.027534641325473785
0.026199141517281532
0.027703551575541496
-0.01132360752671957
0.09558279067277908
-0.3172634541988373
-0.3488623797893524
0.10290178656578064
0.10166457295417786
-0.021266791969537735
-0.07238229364156723
0.08774443715810776
-0.032211512327194214
0.01881021074950695
0.01829490065574646
-0.03832995146512985
0.01574331521987915
0.05578035116195679
0.028490886092185974
-0.05321173742413521
-0.02022135630249977
-0.01932099275290966
-0.4633340835571289
-0.45740264654159546
-0.4547240138053894
-0.6237892508506775
-0.29245010018348694
-0.36711668968200684
0.1073092445731163
-0.05570238456130028
0.15562798082828522
-0.10332569479942322
-0.07235610485076904
-0.07618141174316406
0.06290826201438904
0.09856058657169342
0.16757002472877502
-0.12769664824008942
-0.2473604679107666
-0.4619455933570862
-0.03308034688234329
0.05135104060173035
-0.6025176644325256
0.10821440815925598
0.011773633770644665
0.023694034665822983
-0.09705451130867004
0.04775464907288551
0.1960592120885849
-0.21988695859909058
-0.007102020084857941
-0.2894509732723236
0.044925812631845474
0.0700298398733139
-0.032464489340782166
0.2058814913034439
0.11604400724172592
-0.09112875908613205
0.005753086879849434
0.01061929203569889
-0.03681093826889992
0.021238576620817184
-0.012270570732653141
-0.02879040688276291
-0.04107468202710152
-0.02333417348563671
0.028171593323349953
0.3664620816707611
-0.09101447463035583
-0.15031926333904266
-0.023006204515695572
0.10523022711277008
0.02993384562432766
0.18611474335193634
-0.26780858635902405
0.11553803831338882
0.11016470193862915
-0.010363610461354256
-0.15105915069580078
0.21132135391235352
0.08616501092910767
0.11973312497138977
-0.2308412492275238
0.16782769560813904
0.07912862300872803
-0.26700738072395325
0.004409695044159889
-0.19938695430755615
0.22478142380714417
0.17694108188152313
0.3080540895462036
0.1058492586016655
0.037721190601587296
0.134177565574646
-0.2074083685874939
0.11163102835416794
0.09282094240188599
-0.18912358582019806
-0.09332200884819031
0.006298971828073263
-0.03414508327841759
0.21954253315925598
-0.08274778723716736
-0.4494222402572632
-0.160159170627594
-0.07071492820978165
0.17757254838943481
-0.22175189852714539
0.06610429286956787
-0.04600299894809723
-0.04632863774895668
-0.07021702826023102
-0.27024155855178833
-0.337480753660202
-0.29393354058265686
-0.3340597450733185
-0.20469190180301666
-0.19222109019756317
-0.08670342713594437
-0.017383268103003502
-0.15391205251216888
-0.046558164060115814
-0.0929245576262474
-0.18512080609798431
-0.1414581835269928
-0.4320853054523468
-0.20298819243907928
-0.06289638578891754
0.029842307791113853
0.09182456880807877
0.308764785528183
0.23679089546203613
-0.06880666315555573
-0.058909595012664795
-0.09345091134309769
0.0422404408454895
0.0026748061645776033
0.1035388857126236
0.0050719669088721275
-0.42713406682014465
-0.22043922543525696
-0.0954039990901947
-0.10533078014850616
-0.42061007022857666
-0.1642717570066452
0.21044442057609558
-0.4651247560977936
0.06366793811321259
0.3031378984451294
-0.018784331157803535
-0.03853635862469673
0.016372406855225563
-0.016021717339754105
0.005994328297674656
-0.040677398443222046
-0.024352898821234703
-0.014332541264593601
-0.028977012261748314
-0.17480739951133728
-0.05525818094611168
-0.19691722095012665
-0.16768735647201538
-0.0003113555139862001
0.27574801445007324
-0.0620686300098896
0.24782894551753998
0.5245150923728943
-0.0472056120634079
-0.2361421138048172
-0.12641505897045135
0.0537787526845932
-0.0649404302239418
-0.16228099167346954
-0.16306710243225098
0.33806276321411133
0.20868967473506927
0.031772445887327194
0.008848212659358978
-0.029938798397779465
0.0895371362566948
-0.11332359164953232
-0.18382011353969574
0.24554969370365143
0.2623259723186493
0.11925933510065079
0.2034045308828354
-0.07271605730056763
-0.2749024033546448
-0.00458451546728611
0.14552150666713715
0.09408364444971085
-0.014408763498067856
0.02779911272227764
0.40998947620391846
-0.04502464458346367
-0.13138549029827118
-0.010233172215521336
0.16468995809555054
0.3127761781215668
0.1259213089942932
0.305535227060318
0.5417726635932922
0.27650192379951477
-0.39000657200813293
-0.031891126185655594
-0.10357096046209335
0.22263744473457336
-0.2475912868976593
-0.45668885111808777
0.2618151903152466
-0.2914773225784302
-0.27740415930747986
-0.18770146369934082
-0.26328593492507935
-0.12335661053657532
-0.03455927222967148
0.08636230230331421
0.2615647315979004
0.08640674501657486
-0.056571971625089645
0.13020485639572144
-0.1293065994977951
-0.30680662393569946
-0.04711358994245529
0.16961224377155304
0.3616348206996918
0.1717698574066162
0.30573511123657227
-0.12122820317745209
-0.10604048520326614
0.1277659833431244
0.14691853523254395
0.02613437920808792
0.15607702732086182
-0.22406233847141266
-0.3215961158275604
0.042315248399972916
0.11842281371355057
-0.43069469928741455
-0.039662234485149384
-0.011750506237149239
-0.02669343911111355
0.05656147748231888
-0.027704058215022087
-0.04785197228193283
-0.0433744378387928
0.03464086726307869
-0.00865692738443613
0.09355673938989639
0.014354285784065723
0.005237876903265715
-0.06549042463302612
0.1159796193242073
0.12385604530572891
0.21371786296367645
-0.1835469901561737
-0.2571831941604614
0.12190520763397217
0.007127413060516119
0.2067754566669464
-0.0458972230553627
0.2144084870815277
0.08979934453964233
-0.0427485853433609
-0.015652919188141823
-0.06227657571434975
-0.05513506755232811
-0.008070019073784351
-0.01930798403918743
0.01608540117740631
0.02005182020366192
-0.05452774465084076
0.039675384759902954
-0.05704670771956444
0.03852739557623863
0.0031839273869991302
-0.08555956184864044
0.027532877400517464
0.35935044288635254
0.26332882046699524
-0.06792401522397995
0.6652371287345886
0.19259367883205414
-0.0381423756480217
0.04527654871344566
0.02866385318338871
0.021750779822468758
-0.022172341123223305
0.015014976263046265
-0.010942263528704643
-0.04436852037906647
0.017128506675362587
0.0289191585034132
-0.12147065997123718
-0.12381422519683838
-0.2585468888282776
0.11746097356081009
0.26791706681251526
0.27094241976737976
0.42019903659820557
0.10333043336868286
-0.27343040704727173
0.04954640567302704
-0.011301210150122643
0.0048677013255655766
0.06403601914644241
-0.032218482345342636
-0.012540001422166824
-0.003387904493138194
0.007305053528398275
0.03233461454510689
-0.2717311680316925
0.20905077457427979
-0.03665047883987427
-0.5170228481292725
0.03533640503883362
-0.26397934556007385
-0.5964549779891968
0.2256479263305664
-0.2636297345161438
-0.35599613189697266
-0.1867532581090927
-0.2132967710494995
-0.18000862002372742
-0.15760621428489685
-0.1794547438621521
-0.07207411527633667
-0.12283921241760254
-0.05459758639335632
-0.10323470085859299
-0.047189854085445404
-0.1145615354180336
-0.18572111427783966
0.030293669551610947
0.5384048223495483
-0.23954704403877258
-0.2071450799703598
-0.08419138193130493
-0.21543455123901367
0.07156890630722046
-0.16469413042068481
0.1659766286611557
0.2525407671928406
-0.0016871963161975145
0.05327118933200836
0.5564550161361694
0.36189281940460205
0.05253082141280174
-0.015014042146503925
0.020443568006157875
-0.016033237800002098
0.04292420670390129
0.010060579515993595
-0.020377762615680695
-0.037686917930841446
-0.002474033972248435
-0.0415947400033474
-0.05603232979774475
0.25489944219589233
0.03675040230154991
0.15209679305553436
-0.11042225360870361
0.48537740111351013
0.14708329737186432
0.014252997003495693
-0.38036370277404785
0.2634557783603668
0.10805518180131912
-0.1896216720342636
0.2767106294631958
0.6519393920898438
-0.30371662974357605
-0.34063053131103516
0.16353739798069
-0.17012561857700348
-0.434599906206131
-0.3719154894351959
-0.1949547380208969
0.08107150346040726
-0.16154730319976807
0.036213163286447525
0.43644851446151733
0.22852924466133118
-0.14744052290916443
-0.04615866392850876
0.06505262106657028
0.28414031863212585
0.3119717836380005
-0.3120689392089844
0.29197806119918823
0.4080634117126465
-0.3665700852870941
0.08936304599046707
-0.12087991833686829
-0.16693799197673798
0.14310121536254883
-0.0860724151134491
-0.1195596307516098
0.5287265181541443
0.29795998334884644
0.25668516755104065
-0.07532186061143875
-0.19912618398666382
-0.12437715381383896
0.19916076958179474
0.18080474436283112
-0.19126147031784058
0.6181116104125977
0.21352340281009674
0.10241369158029556
0.2584429085254669
0.1210077553987503
0.029167599976062775
0.3077337145805359
0.20485663414001465
0.0754752829670906
0.006084771361202002
-0.0727151408791542
-0.19301702082157135
0.2131430059671402
0.08107659965753555
0.3498535752296448
-0.062159378081560135
-0.14757585525512695
0.20220361649990082
-0.09325224161148071
-0.26391541957855225
-0.025390977039933205
-0.02752429060637951
-0.008442206308245659
-0.04211413115262985
0.0652984008193016
-0.29465407133102417
-0.3314269781112671
-0.46470004320144653
0.003792172996327281
0.3740473985671997
0.15639758110046387
0.02397521398961544
-0.04410732910037041
0.020005887374281883
0.03533955663442612
-0.029084375128149986
0.03305312618613243
-0.011106867343187332
-0.02113974280655384
-0.010191332548856735
-0.32110467553138733
-0.05897381156682968
0.25242528319358826
-0.6805081963539124
-0.3137500286102295
-0.5199224948883057
-0.3061760663986206
-0.16455170512199402
-0.009080695919692516
-0.6610387563705444
-0.30556824803352356
0.10532214492559433
-0.707727313041687
-0.18674308061599731
-0.20688866078853607
-0.23583289980888367
0.017910310998558998
0.14479821920394897
0.07286094129085541
-0.2669086158275604
0.17741720378398895
-0.12384376674890518
-0.4357892870903015
0.32721060514450073
-0.4919321537017822
-0.03594840690493584
0.3681178390979767
0.025321507826447487
-0.025767764076590538
-0.356290340423584
0.2015991359949112
0.11832169443368912
-0.03022593818604946
-0.11568792909383774
0.20285974442958832
0.5230210423469543
-0.3856978714466095
0.17539682984352112
0.03544237092137337
-0.13283765316009521
-0.31376439332962036
-0.6681771874427795
-0.11098896712064743
-0.0517653226852417
-0.32661017775535583
0.2099599391222
0.4899982511997223
0.43502187728881836
-0.1849689483642578
-0.05774803087115288
0.46822240948677063
-0.1775650680065155
-0.5810595750808716
-0.9991851449012756
-0.546303927898407
-0.2818904221057892
-0.46751782298088074
-0.3754623830318451
0.14855383336544037
0.3363024592399597
0.09513057768344879
0.16671258211135864
0.049275513738393784
-0.8014626502990723
-0.21512268483638763
-0.29748764634132385
-0.24347558617591858
-0.16937409341335297
-0.19771471619606018
0.10923158377408981
0.09949902445077896
-0.027199283242225647
-0.1927795708179474
-0.1940041035413742
-0.5742005705833435
-0.2991182804107666
-0.3352872133255005
-0.6753720641136169
-0.018812112510204315
0.12057504057884216
-0.09557245671749115
0.04315235838294029
0.010158956982195377
-0.016040507704019547
-0.003103426890447736
0.04860512912273407
0.00324314390309155
0.04815170541405678
0.005717388819903135
-0.018900178372859955
0.006768836639821529
0.09682689607143402
-0.6767860054969788
-0.09767062962055206
-0.19981630146503448
-0.8410797715187073
0.42692244052886963
0.29829004406929016
-0.449016809463501
-0.05568110570311546
-0.1456807404756546
0.10529807209968567
-0.18688395619392395
-0.023086434230208397
-0.12732811272144318
-0.16013038158416748
-0.04363839328289032
0.028175460174679756
0.01118446048349142
-0.014161172322928905
-0.04806043952703476
0.046693649142980576
-0.0515638031065464
-0.005826022010296583
0.00029556179651990533
-0.040215980261564255
0.05281897261738777
-0.27120068669319153
0.040112484246492386
-0.08735527098178864
0.08921723067760468
-0.48563921451568604
-0.5831949710845947
-0.022401925176382065
0.11953447759151459
-0.18959003686904907
-0.02091193199157715
0.051430050283670425
0.049053873866796494
-0.042141396552324295
0.03997873142361641
-0.012091818265616894
0.026180168613791466
0.0330447256565094
-0.05084618926048279
-0.4272262752056122
-0.26563161611557007
-0.2775702476501465
0.008727441541850567
-0.17182067036628723
-0.7775980234146118
0.1654920130968094
0.1602155715227127
-0.4502589702606201
0.020295685157179832
0.006670012604445219
0.024208616465330124
-0.03192600607872009
-0.019525939598679543
0.05597991496324539
-0.01244342140853405
-0.026254156604409218
-0.013654574751853943
-0.14882022142410278
-0.2768229842185974
-0.607758104801178
-0.15557318925857544
-0.008992587216198444
-0.21102963387966156
-0.08065205067396164
0.10529890656471252
0.12125846743583679
-0.15801553428173065
0.16750836372375488
0.8433809280395508
-0.2725124955177307
-0.18354444205760956
0.41425806283950806
-0.7855108380317688
-0.3852507174015045
-0.10756296664476395
-0.5073689818382263
-0.5592542290687561
-0.1351471096277237
-0.1056826189160347
0.2529374957084656
0.1750592142343521
0.07678433507680893
0.1366083174943924
0.15228591859340668
-0.25972214341163635
0.1428585946559906
0.3888140320777893
-0.13114559650421143
-0.22350084781646729
-0.6627621650695801
0.2694842517375946
0.17297470569610596
-0.13775376975536346
0.0339384600520134
-0.004003023263067007
0.04829875007271767
-0.008619880303740501
-0.05027787387371063
0.050464607775211334
-0.013817809522151947
0.004783857148140669
-0.047738753259181976
0.5845775008201599
-0.05506487935781479
0.0712442472577095
0.26161736249923706
0.16557492315769196
0.07355009764432907
-0.26418939232826233
-0.20121918618679047
-0.1695927381515503
-0.33328327536582947
-0.33461475372314453
-0.1497936099767685
-0.2174360156059265
0.20736639201641083
0.20328745245933533
-0.06933092325925827
0.27434101700782776
0.42216408252716064
0.0577157698571682
-0.31700965762138367
-0.4348483681678772
-0.25711706280708313
0.13360123336315155
-0.5020914673805237
-0.20057450234889984
0.14833176136016846
0.9723645448684692
-0.2869240641593933
-0.662955641746521
-0.4084221422672272
-0.04485158622264862
-0.39262667298316956
-0.5043209791183472
0.18928569555282593
-0.21466811001300812
-0.4866553843021393
-0.2611791491508484
-0.15463480353355408
0.12816567718982697
-0.23579417169094086
-0.036913398653268814
-0.0783071368932724
-0.46514788269996643
-0.6723698377609253
-0.6469781994819641
-0.08010534197092056
0.39311835169792175
0.21847006678581238
-0.4964478313922882
-0.33741098642349243
-0.1663215160369873
0.12570013105869293
0.0014629829674959183
-0.4862983822822571
0.16510939598083496
0.18865300714969635
-0.072921022772789
-0.2416335791349411
0.06040322035551071
-0.28530648350715637
-0.003525656647980213
-0.08167804032564163
0.10184285044670105
-0.6180348992347717
-0.4690282642841339
-0.4553978741168976
-0.22088144719600677
0.37680914998054504
-0.05125538259744644
0.2732307016849518
0.08757075667381287
-0.023821502923965454
0.11820035427808762