-0.7418877482414246
-0.04800035059452057
-0.1298135668039322
-0.3058019280433655
-0.5242894887924194
-0.3724130690097809
-0.17453067004680634
-0.9187058210372925
-0.2670583426952362
0.054353855550289154
-0.0576004832983017
-0.02977311611175537
0.007794076111167669
0.047900013625621796
-0.007435800042003393
0.006157935597002506
0.022340090945363045
-0.020121531561017036
0.07582342624664307
0.2274504452943802
-0.07392911612987518
0.12245959043502808
-0.0016690852353349328
0.1944318264722824
-0.28895899653434753
-0.6232790946960449
-0.12943105399608612
0.037004273384809494
0.06340312957763672
0.07027474790811539
0.0519598126411438
-0.32137206196784973
0.024022558704018593
-0.027696890756487846
-0.3920775353908539
-0.2253400981426239
-0.5563248991966248
-0.12559157609939575
0.08164388686418533
0.16832083463668823
0.047982823103666306
0.24794837832450867
0.5429392457008362
0.22945426404476166
0.2626000940799713
0.18701182305812836
0.01516200602054596
0.2429174780845642
0.004277470521628857
0.10900303721427917
0.26988714933395386
-0.5456106662750244
-0.2495584487915039
0.07032082974910736
0.10925064980983734
0.16798268258571625
0.0806923359632492
-0.10287860035896301
0.2213473618030548
0.4436948001384735
-0.4294806122779846
-0.0556565523147583
0.35388532280921936
-0.13203144073486328
-0.2019585222005844
-0.32868510484695435
0.033106446266174316
0.09960861504077911
0.3151886463165283
0.038384001702070236
0.37421101331710815
0.1685674786567688
0.03323747590184212
0.1888442486524582
0.5221943259239197
-0.05912240594625473
-0.22566242516040802
0.11733365058898926
-0.437690407037735
-0.4182819724082947
-0.11319507658481598
0.21510818600654602
0.1633809208869934
0.08386007696390152
-0.07810353487730026
-0.15195228159427643
-0.1047174483537674
-0.43221765756607056
-0.3931991457939148
-0.2050630748271942
-0.2859792411327362
-0.6913996934890747
-0.31297773122787476
-0.46814659237861633
-0.40574491024017334
-0.5097838044166565
-0.19949859380722046
0.1206628754734993
-0.5045251846313477
0.046464864164590836
-0.05527658388018608
0.000452418316854164
-0.004487592726945877
0.03756493702530861
0.05013353005051613
0.03511980175971985
-0.04402514547109604
-0.017594411969184875
-0.08895496279001236
-0.6014992594718933
-0.20400917530059814
-0.4368765950202942
-0.6386352777481079
-0.5953086614608765
-0.4185292720794678
-0.34719058871269226
-0.426749050617218
0.08293741941452026
-0.18934200704097748
0.26858657598495483
0.10926308482885361
-0.1070309728384018
-0.024709554389119148
-0.17198055982589722
-0.17729182541370392
-0.024876393377780914
-0.0020188060589134693
0.0025654295459389687
0.04906949773430824
-0.020128056406974792
0.0525452122092247
0.05030807480216026
-0.006937111262232065
0.03315896913409233
-0.02113316021859646
-0.07735154032707214
-0.06887554377317429
-0.04331310838460922
-0.2432837188243866
-0.15507195889949799
-0.20448583364486694
-0.4172179698944092
-0.08900128304958344
-0.08944057673215866
0.04354475438594818
0.0391642302274704
0.011843320913612843
-0.017766667529940605
0.01821458339691162
-0.001855163834989071
-0.006668333895504475
0.0072045400738716125
0.024630282074213028
-0.0603899210691452
-0.2619797885417938
0.0454055592417717
0.04348067566752434
-0.12953445315361023
0.021592790260910988
-0.17454493045806885
-0.12353076040744781
-0.28337472677230835
0.020577633753418922
0.040394868701696396
-0.07304111123085022
0.012516755610704422
-0.05484837666153908
0.036220844835042953
0.003017721464857459
-0.008355561643838882
-0.042543090879917145
-0.6216671466827393
0.05589259788393974
-0.06982401758432388
-0.09802214801311493
-0.17109104990959167
-0.022651415318250656
-0.09108424186706543
-0.049232326447963715
0.07758663594722748
-0.13433332741260529
-0.2230517864227295
-0.31552743911743164
0.12273112684488297
-0.10241180658340454
-0.18595868349075317
0.1231289952993393
0.3848317861557007
0.17490217089653015
0.11723926663398743
0.34104251861572266
0.35240310430526733
-0.3754139542579651
-0.16502094268798828
0.11843909323215485
-0.5220441222190857
-0.4391880929470062
-0.041531167924404144
-0.07931984215974808
-0.1460629552602768
-0.023744212463498116
-0.0887957438826561
0.21159787476062775
-0.02746151015162468
-0.6574508547782898
-0.33166295289993286
0.037752363830804825
-0.04462609440088272
0.04826220124959946
0.009172018617391586
0.022434508427977562
-0.011026332154870033
-0.021494485437870026
0.039590585976839066
0.03188667446374893
0.024722639471292496
-0.12617918848991394
0.15842309594154358
0.06103934347629547
0.03215145319700241
-0.0712050274014473
0.09317566454410553
0.14614465832710266
-0.2792312204837799
0.06191973015666008
0.2075757533311844
0.39452221989631653
0.08381976187229156
-0.3543722927570343
0.17858755588531494
0.20333193242549896
0.11670520156621933
-0.07737061381340027
0.10938679426908493
0.15481476485729218
0.15856172144412994
-0.040743641555309296
-0.3328620493412018
-0.19876140356063843
0.020903054624795914
-0.419542521238327
-0.21589398384094238
0.12037169188261032
0.14079441130161285
-0.1891321837902069
0.052321989089250565
-0.0687389224767685
-0.27487441897392273
-0.13804350793361664
-0.7207969427108765
-0.06644929945468903
0.05542498826980591
-0.048256199806928635
-0.12787771224975586
-0.03874797374010086
-0.2782336175441742
0.19256366789340973
0.17296887934207916
0.026856452226638794
0.36910825967788696
0.4958101809024811
0.07526598870754242
-0.2555028200149536
-0.10622028261423111
0.10971236228942871
0.0834311693906784
0.011391013860702515
-0.07042968273162842
0.14329420030117035
0.14264479279518127
0.09097631275653839
-0.13910922408103943
-0.2001994252204895
-0.3054797351360321
-0.027013340964913368
0.13113079965114594
0.08858545869588852
-0.290560781955719
-0.08108634501695633
0.1394897848367691
0.031078137457370758
0.11039892584085464
-0.3661617040634155
-0.0851096585392952
-0.10090410709381104
-0.298987478017807
-0.6870275139808655
-0.30039626359939575
-0.30134421586990356
-0.049607954919338226
-0.35089853405952454
0.14362643659114838
-0.10585455596446991
0.22163932025432587
0.20776285231113434
-0.06266538053750992
-0.03424465283751488
-0.06824909895658493
-0.036234285682439804
0.03354069963097572
-0.0482255183160305
-0.019225509837269783
-0.00036386778810992837
0.03329535573720932
0.058749645948410034
-0.0540408231317997
0.003561191027984023
0.08250976353883743
0.0507684089243412
0.11350911855697632
-0.058576829731464386
-0.0006352668860927224
0.004034067038446665
-0.34510689973831177
-0.39589250087738037
-0.2259686440229416
-0.09411712735891342
0.12306033074855804
0.24443134665489197
0.1363997459411621
0.3848930895328522
0.14302289485931396
0.17890657484531403
-0.03524985909461975
-0.6450315713882446
-0.5097858309745789
-0.1955515295267105
-0.30955269932746887
0.19516950845718384
0.010585475713014603
-0.20164865255355835
0.015129275619983673
0.040525488555431366
0.0948454812169075
-0.0027505564503371716
-0.08332092314958572
-0.5268216133117676
-0.4936257004737854
-0.33099591732025146
-0.5352468490600586
-0.6463932394981384
-0.3718758523464203
-0.3607293963432312
0.08507386595010757
0.1333228498697281
-0.08170928061008453
-0.019792400300502777
-0.05884537100791931
-0.09373306483030319
-0.4108979403972626
-0.31093141436576843
-0.1681094765663147
-0.2537091374397278
0.05064068362116814
0.131662517786026
0.16457030177116394
0.15667755901813507
-0.0658029094338417
-0.08723071962594986
-0.4379063546657562
-0.2581930458545685
0.07027918100357056
0.26984119415283203
0.0821615681052208
-0.13116677105426788
0.15468059480190277
-0.21589326858520508
-0.12790948152542114
-0.38477596640586853
-0.24962091445922852
0.14564594626426697
0.29489171504974365
0.3457840085029602
0.13091236352920532
-0.027322307229042053
0.1412394791841507
-0.34650522470474243
-0.432015061378479
-0.13376829028129578
-0.11065525561571121
-0.5030180811882019
-0.10076063126325607
0.1344999521970749
-0.36455562710762024
-0.26599255204200745
-0.1894831359386444
-0.15004536509513855
0.12667298316955566
-0.014423670247197151
-0.04331933334469795
0.04467584937810898
-0.009831666015088558
0.006040725391358137
-0.00719138327986002
0.04034508392214775
0.019657284021377563
0.05606924369931221
-0.0036335038021206856
-0.34414222836494446
0.024206077679991722
0.3271158039569855
-0.5482329726219177
-0.20140816271305084
-0.2892075479030609
-0.10994665324687958
-0.0631788969039917
-0.0898856669664383
-0.17359675467014313
0.1766396313905716
-0.0661691278219223
-0.26361384987831116
0.1874924600124359
0.1483122557401657
0.032167620956897736
-0.11708526313304901
0.02427268587052822
-0.013861333020031452
-0.007116080727428198
0.04344702139496803
-0.05661517381668091
0.03663913533091545
-0.006752936635166407
-0.05502790957689285
-0.035054031759500504
0.16329394280910492
0.27904054522514343
0.07010600715875626
0.017333699390292168
-0.03287395462393761
-0.2667546272277832
0.03332135081291199
-0.26671916246414185
-0.004250640049576759
-0.04150201752781868
-0.031929805874824524
0.04603665694594383
0.008461682125926018
0.022917194291949272
0.00031270855106413364
-0.02552359737455845
-0.034595634788274765
0.007308207452297211
0.17427052557468414
0.17929169535636902
-0.16571636497974396
0.42943572998046875
0.06286568939685822
0.13650423288345337
-0.18257130682468414
-0.49200597405433655
-0.2604358494281769
0.05663663521409035
-0.04326885566115379
-0.016484834253787994
-0.04180726781487465
-0.030451294034719467
-0.05447615683078766
0.003943427931517363
0.008252098225057125
0.004507682751864195
-0.19447891414165497
-0.26187360286712646
-0.06745552271604538
-0.23823212087154388
-0.26688650250434875
0.17509813606739044
-0.19726985692977905
-0.11157069355249405
-0.03066916950047016
-0.1573874056339264
-0.11651590466499329
0.34422287344932556
-0.006222449243068695
0.16537974774837494
-0.0042189545929431915
0.12572838366031647
0.24952161312103271
0.06600327044725418
0.3423670530319214
0.10732537508010864
0.049296364188194275
-0.01934337615966797
0.06852257996797562
-0.20575235784053802
-0.45136427879333496
-0.594972550868988
-0.05147972330451012
0.11534762382507324
0.3429630398750305
0.421438068151474
0.3584722578525543
0.43959444761276245
-0.013747516088187695
-0.2709572911262512
-0.35374248027801514
0.062412239611148834
-0.0394144281744957
0.022045612335205078
-0.049329113215208054
0.004805885720998049
-0.04313379526138306
0.047651007771492004
-0.02634386718273163
-0.000831149925943464
0.002542164409533143
-0.18447965383529663
-0.20758281648159027
-0.03651062771677971
-0.10515431314706802
-0.17950864136219025
0.03614050894975662
-0.2578517198562622
-0.5186153650283813
-0.1759621798992157
0.04552222415804863
-0.06930743902921677
-0.6433786153793335
-0.5936025977134705
-0.4009551405906677
-0.1725717931985855
-0.3848187327384949
-0.30205991864204407
-0.02976921573281288
0.18594126403331757
-0.2967047095298767
-0.28840747475624084
-0.2214936912059784
-0.04946524649858475
-0.06552881002426147
-0.5208137035369873
-0.28292742371559143
-0.14198453724384308
0.07718202471733093
0.40419989824295044
-0.07881457358598709
0.08826369792222977
-0.2267267256975174
-0.1729811728000641
-0.2592688500881195
-0.42763787508010864
-0.2080766260623932
-0.117781862616539
0.23241278529167175
-0.146672323346138
0.275434285402298
0.14916522800922394
-0.003377201734110713
0.387410432100296
0.03466634824872017
0.35653358697891235
0.155138298869133
0.24249939620494843
0.32487577199935913
0.2342381626367569
-0.07317382097244263
0.002785559045150876
0.11294674873352051
0.03135702759027481
-0.024873539805412292
0.17720220983028412
0.23194630444049835
0.05370786786079407
0.0706813633441925
0.21420279145240784
0.2104051113128662
0.03350730612874031
0.2634020447731018
0.10721562802791595
0.40332847833633423
-0.12571637332439423
-0.23346024751663208
0.1987823247909546
-0.2050841897726059
-0.1274205595254898
-0.1435481309890747
-0.10804560780525208
0.3052005469799042
-0.26366496086120605
-0.2730536460876465
-0.3164101541042328
-0.19189828634262085
-0.3513756990432739
-0.02465946041047573
0.21864959597587585
-0.34910911321640015
0.5881795287132263
0.24783536791801453
0.04239517077803612
0.037680547684431076
-0.011072496883571148
-0.04584406688809395
0.014234528876841068
0.0006817533867433667
0.016395404934883118
-0.05780865252017975
-0.010904415510594845
-0.0707249641418457
0.3451302647590637
0.12428513914346695
0.20001688599586487
0.4510483741760254
0.43169406056404114
0.28055429458618164
0.28790852427482605
0.5189980268478394
-0.2880341708660126
-0.3354417383670807
-0.1694362461566925
-0.08402033150196075
0.2858528196811676
0.2557995021343231
0.15742681920528412
0.4766983985900879
0.1586618274450302
-0.23347988724708557
0.018672747537493706
-0.11775705963373184
0.013012398965656757
0.034359779208898544
-0.08900967985391617
0.342985063791275
0.007712237071245909
-0.24449984729290009
0.4659600853919983
0.43032145500183105
0.2295377105474472
0.2889631986618042
0.4582598805427551
0.18697428703308105
-0.04128478467464447
0.03849301487207413
0.09649839252233505
0.3195614814758301
0.22543956339359283
0.049141161143779755
0.5996717214584351
0.3414924442768097
0.17034408450126648
0.3578673005104065
0.16251786053180695
0.09195265918970108
0.19845247268676758
-0.12014000117778778
-0.10942728072404861
0.07944393157958984
-0.14313597977161407
-0.3600025773048401
0.4670686423778534
0.3567524254322052
-0.09523440897464752
0.05712681636214256
0.4819015860557556
0.6277747750282288
0.15905722975730896
0.32763969898223877
0.20476602017879486
-0.012381426058709621
0.1878204047679901
-0.1844024509191513
-0.18074221909046173
0.03809522092342377
-0.030482163652777672
-0.07040144503116608
0.05991459637880325
0.4255772829055786
-0.12130889296531677
-0.2310151606798172
-0.03453043848276138
0.41660821437835693
0.005641550291329622
-0.18522460758686066
0.973402738571167
0.215406134724617
-0.19384877383708954
-0.3281247019767761
-0.3064587712287903
-0.045139968395233154
0.04936080053448677
-0.03356415033340454
0.03375772386789322
-0.048283275216817856
-0.013805853202939034
0.04109743610024452
0.016510818153619766
-0.011612271890044212
-0.007524729706346989
0.20330661535263062
0.2771656811237335
-0.03780962899327278
0.46444466710090637
0.08394347876310349
-0.3069591522216797
0.0012973190750926733
-0.5485156774520874
0.053651560097932816
-0.1339336633682251
0.2637243866920471
0.00902939960360527
-0.1065402626991272
0.21319065988063812
-0.08096956461668015
-0.09542382508516312
-0.0024212270509451628
-0.17862872779369354
0.019432106986641884
-0.05411119386553764
0.005920353811234236
-0.02299824357032776
0.02734726294875145
-0.05410602316260338
-0.04833332449197769
-0.055051349103450775
-0.006056825164705515
-0.09855403006076813
0.2556750178337097
0.19336459040641785
0.3246442973613739
0.326427698135376
0.0693172886967659
0.14289067685604095
-0.26342979073524475
-0.3018372654914856
0.010103954933583736
0.04873756319284439
-0.02983909845352173
0.04960515350103378
-0.03832268342375755
0.054583098739385605
0.03436063230037689
0.0135269183665514
-0.03676560893654823
0.23686069250106812
0.05488186702132225
0.06943418085575104
0.45460766553878784
0.3137500584125519
0.2654387354850769
-0.14169205725193024
0.17013971507549286
0.06083265691995621
0.008597915060818195
0.01959080994129181
-0.03576193004846573
0.014086460694670677
-0.03738318756222725
-0.010727468878030777
-0.058714304119348526
0.05822290852665901
0.05522628873586655
-0.009603241458535194
0.17349408566951752
-0.08783614635467529
-0.1898602545261383
0.20217610895633698
0.2912481725215912
-0.11239819973707199
0.11176415532827377
0.32754454016685486
-0.28808432817459106
-0.14910988509655
-0.28657266497612
-0.3311171531677246
-0.22883599996566772
-0.22769004106521606
0.02217893861234188
0.4120488464832306
0.536498486995697
0.16782569885253906
0.32917073369026184
0.29265260696411133
-0.057343192398548126
0.08020307868719101
0.13348807394504547
-0.05576455220580101
-0.043823566287755966
0.015452907420694828
0.09938668459653854
-0.023783547803759575
-0.07379445433616638
0.11914446204900742
0.636322021484375
0.1287507861852646
0.16214396059513092
0.019952723756432533
0.11022050678730011
0.05065052956342697
-0.03153500333428383
-0.04979116842150688
-0.022417958825826645
-0.03815516456961632
0.0017017633654177189
-0.04325227066874504
-0.057460203766822815
0.015574265271425247
0.1657208949327469
-0.016114940866827965
-0.3148302137851715
0.499997615814209
-0.08936454355716705
-0.016441794112324715
0.549734890460968
0.2538144290447235
-0.09691507369279861
0.2107258439064026
0.2602740526199341
0.25479787588119507
0.016041040420532227
0.46525871753692627
0.052985358983278275
0.048176344484090805
-0.13613907992839813
-0.23899410665035248
0.2162899374961853
-0.04635998234152794
0.05843081325292587
0.3666715919971466
0.3373900353908539
0.4756031632423401
-0.04807707294821739
0.21537840366363525
0.0508987233042717
-0.05512509495019913
0.2622866630554199
-0.1549084335565567
0.39710068702697754
-0.042808420956134796
0.09246894717216492
-0.03391214460134506
-0.1700255274772644
-0.03823978826403618
-0.10667106509208679
-0.1398252695798874
0.013361606746912003
-0.0021167939994484186
-0.07941596210002899
-0.006870558485388756
0.375347375869751
0.14298361539840698
0.06524080038070679
-0.197260320186615
-0.1414300799369812
-0.10967735201120377
0.19010043144226074
0.15494762361049652
0.24094133079051971
0.5752497911453247
0.11836390197277069
-0.037159085273742676
-0.23181839287281036
-0.030104169622063637
0.1683945655822754
0.08717918395996094
-0.08402863889932632
0.13138918578624725
-0.3555675446987152
0.00952998548746109
-0.04939402639865875
0.3381407558917999
0.40713849663734436
0.3149501085281372
0.07855239510536194
0.10928163677453995
0.2408924549818039
-0.163117453455925
-0.06565490365028381
-0.1903609335422516
0.1776600182056427
-0.2529175579547882
0.25734642148017883
0.6087168455123901
-0.2526184916496277
0.05774112790822983
-0.05254916474223137
-0.16294391453266144
-0.41084128618240356
-0.5538381338119507
0.0460742823779583
0.0007465190137736499
-0.024413688108325005
0.012221532873809338
-0.04244518652558327
0.04510878026485443
0.053342610597610474
0.05107981711626053
-0.026808254420757294
0.5190801024436951
0.7434660196304321
0.20705650746822357
0.22840212285518646
-0.05783821642398834
0.01860869489610195
-0.3612518012523651
-0.593324601650238
-0.5775048732757568
0.19319580495357513
0.714381992816925
0.37694573402404785
-0.09790784865617752
-0.10378556698560715
-0.11847459524869919
-0.18142375349998474
-0.7421438097953796
-0.3370610177516937
-0.15886197984218597
0.012554964050650597
-0.5979503393173218
0.07436072081327438
-0.309132844209671
-0.21306221187114716
-0.2316419780254364
0.2827582359313965
-0.2885100245475769
-0.2746869623661041
-0.35550403594970703
-0.1950872540473938
-0.5440667271614075
-0.03862816467881203
0.2560475766658783
0.07981101423501968
-0.06518207490444183
0.37450531125068665
0.5165979266166687
0.17893990874290466
-0.44647127389907837
-0.1417323797941208
-0.3634117543697357
-0.3843585252761841
-0.5596509575843811
-0.0848526656627655
-0.35341134667396545
0.02461680769920349
-0.1668243706226349
-0.5219863057136536
0.1495303064584732
-0.28236716985702515
-0.7836431860923767
-0.7499740123748779
-0.6420658230781555
-0.3365724980831146
0.05638546869158745
-0.06748642772436142
-0.6924318075180054
-0.5814861059188843
-0.4244960844516754
-0.1800810843706131
-0.32999172806739807
-0.18222376704216003
0.27771127223968506
0.40126121044158936
-0.17959141731262207
-0.05175517499446869
-0.27647390961647034
-0.4142437279224396
-0.3316746950149536
-0.043737832456827164
0.11081172525882721
0.26555371284484863
-0.5625159740447998
-0.3397606313228607
-0.24043089151382446
-0.3316044211387634
-0.5129638314247131
-0.29440319538116455
-0.3560764789581299
-0.015461630187928677
0.0774247795343399
-0.05534457415342331
0.044666141271591187
0.03311619162559509
-0.026481280103325844
0.01131949108093977
0.006670497357845306
0.03247687965631485
0.05544197931885719
0.043056294322013855
-0.28902366757392883
-0.4319918751716614
-0.21527697145938873
-0.4763190448284149
0.44814494252204895
0.17920270562171936
-0.2350938618183136
0.12130529433488846
0.12552258372306824
-0.05232357606291771
-0.31496697664260864
0.07838946580886841
0.21369916200637817
-0.37336674332618713
0.019258281216025352
-0.035160187631845474
-0.04671165347099304
-0.049737948924303055
-0.041973426938056946
-0.042076483368873596
-0.033653732389211655
0.011435809545218945
-0.013734997250139713
-0.029306165874004364
-0.05848121643066406
-0.038066647946834564
-0.01115575060248375
-0.08843591809272766
-0.03791053965687752
-0.6005013585090637
-0.3353392779827118
-0.1508677899837494
-0.4883153438568115
-0.6393986344337463
-0.008294481784105301
0.24407526850700378
0.019090091809630394
0.019625160843133926
0.004904298577457666
0.04141295328736305
0.03425252065062523
-0.05529562011361122
0.03267261013388634
-0.006405984051525593
0.011651629582047462
-0.007251731585711241
-0.45094701647758484
-0.2874215245246887
-0.148237407207489
0.17437036335468292
0.13364867866039276
0.13717277348041534
0.14261820912361145
0.26655393838882446
0.00906603317707777
-0.008461366407573223
0.03495670109987259
-0.01396776083856821
-0.043371088802814484
0.00200399337336421
0.009186332114040852
-0.04703935235738754
-0.003994551952928305
-0.08439949154853821
0.28399980068206787
0.143881157040596
0.12194029986858368
0.17404137551784515
-0.21660852432250977
-0.14394384622573853
-0.32955050468444824
-0.2679443657398224
0.2929844856262207
0.07900860160589218
0.2516389489173889
0.3977130949497223
-0.018171699717640877
-0.9156041145324707
-0.11842967569828033
-0.08353648334741592
-0.2484426349401474
0.1830751597881317
-0.13109217584133148
-0.38192370533943176
-0.4368085265159607
-0.704777717590332
-0.4325774312019348
-0.15938176214694977
-0.30006611347198486
0.1976252794265747
0.5574887990951538
0.24714991450309753
-0.33874011039733887
-0.043177299201488495
-0.2740738093852997
-0.33493781089782715
-0.21470072865486145
-0.29362180829048157
0.26560357213020325
0.04490840062499046
-0.028709696605801582
-0.050500817596912384
-0.01866442896425724
0.05421673506498337
-0.04516046866774559
0.019425762817263603
-0.0257703959941864
0.011572091840207577
-0.19802594184875488
0.10261017084121704
-0.062158312648534775
-0.16430875658988953
-0.24864515662193298
-0.27490073442459106
-0.21012839674949646
-0.4272524118423462
0.10052357614040375
0.1036079153418541
-0.4955594539642334
-0.43828901648521423
-0.6083903312683105
-0.8359752893447876
0.032704878598451614
-0.20455996692180634
0.015280982479453087
0.2720218598842621
-0.09686795622110367
0.22826457023620605
-0.37635114789009094
0.15608492493629456
-0.14290891587734222
0.12572093307971954
-0.140934556722641
-0.23134315013885498
0.2970179319381714
-0.07490094751119614
-0.24189718067646027
-0.23639754951000214
-0.16794681549072266
-0.3466261327266693
-0.16604529321193695
-0.2638782858848572
-0.02543831430375576
-0.19766061007976532
-0.011822672560811043
0.02395421825349331
-0.1749068945646286
-0.06262172758579254
0.26603493094444275
-0.5558531284332275
-0.05208270624279976
-0.11494497954845428
-0.47759366035461426
0.3549947142601013
0.09835442900657654
-0.4322676360607147
0.08662109076976776
-0.20125779509544373
-0.31383955478668213
-0.3836030662059784
-0.387899786233902
-0.25065428018569946
-0.01852255128324032
-0.013183346018195152
0.12280929088592529
-0.08444438129663467
0.013369935564696789
0.051989082247018814
-0.28598877787590027
-0.11769068241119385
0.048740800470113754
0.36685970425605774
-0.028647618368268013
-0.12529268860816956
-0.6984853744506836
-0.04310692474246025
0.1988396942615509
-0.0014054283965379
0.23689182102680206
0.11587413400411606
0.14715591073036194