-0.3381475806236267
-0.13647882640361786
-0.14607742428779602
-0.17404605448246002
0.032334212213754654
0.19630436599254608
-0.7101442813873291
0.21680569648742676
0.2522241771221161
0.0038898170460015535
0.00943766999989748
0.028028244152665138
0.04746844246983528
0.03325821831822395
0.030377354472875595
0.049418654292821884
-0.00838469434529543
0.037931229919195175
0.31037437915802
0.1685314178466797
-0.045319266617298126
-0.48405078053474426
-0.1294182986021042
0.12500916421413422
-0.4919462502002716
-0.1136123314499855
0.220982626080513
-0.1016445979475975
-0.19538579881191254
-0.43403202295303345
-0.6186986565589905
0.188730850815773
-0.10450783371925354
0.18042603135108948
0.5667753219604492
-0.13047020137310028
-0.08245319873094559
0.24466857314109802
-0.1124434843659401
0.006631552241742611
0.17195598781108856
0.20752891898155212
-0.6552689671516418
-0.25864458084106445
0.09829572588205338
0.045510806143283844
0.4849965274333954
0.3063693940639496
-0.40001851320266724
0.06718719750642776
0.05914806202054024
-0.2956349849700928
-0.4168270230293274
-0.10312995314598083
0.18498378992080688
0.06693322956562042
0.1211717501282692
0.019610056653618813
0.09263888001441956
0.20188535749912262
0.022033561021089554
0.19120007753372192
0.1692894548177719
0.12859739363193512
0.12852038443088531
0.12276673316955566
0.05117364972829819
0.049565400928258896
0.2820119559764862
-0.015640798956155777
-0.20588575303554535
0.20764967799186707
-0.24357765913009644
-0.05150255933403969
0.21581602096557617
-0.35795319080352783
0.09758397936820984
-0.05691436678171158
0.11171343177556992
-0.038551341742277145
-0.07845035940408707
-0.28798168897628784
-0.3374820053577423
-0.1496124267578125
-0.7531206607818604
-0.36549776792526245
-0.16238953173160553
0.5750157237052917
-0.09301995486021042
-0.2506231963634491
-0.663870632648468
-0.4034695625305176
-0.06220775842666626
0.14936059713363647
0.020925767719745636
0.17720060050487518
0.4801129996776581
0.26776453852653503
0.24054360389709473
0.048202965408563614
0.007113861385732889
0.0543903186917305
-0.028709646314382553
0.014033116400241852
0.03478996083140373
-0.047064635902643204
-0.013342694379389286
0.0036548974458128214
-0.736900806427002
-1.02489173412323
-0.8550460338592529
0.028760870918631554
0.019581550732254982
-0.23082606494426727
0.20751117169857025
0.14073427021503448
0.23346783220767975
0.3948426842689514
-0.1584516316652298
0.07321024686098099
0.06009421870112419
0.27935466170310974
-0.0340563990175724
-0.003919392358511686
0.1998954862356186
-0.10579774528741837
-0.04057640954852104
-0.0026004675310105085
-0.01137622818350792
-0.058744363486766815
-0.02408289909362793
0.02843206748366356
0.01967725344002247
-0.009283419698476791
0.04200352728366852
-0.1502111405134201
-0.09144124388694763
0.03737253695726395
-0.17807336151599884
-0.01129110250622034
-0.11475861817598343
0.028965188190340996
0.07405587285757065
0.16417749226093292
-0.007600945420563221
-0.02757076919078827
-0.0345756858587265
0.010369950905442238
0.0417158342897892
-0.00257527781650424
0.03161848708987236
-0.030137110501527786
-0.055889103561639786
-0.29120445251464844
-0.36484161019325256
-0.15423206984996796
-0.16611801087856293
-0.15316914021968842
-0.33300331234931946
0.2771192491054535
-0.05987844616174698
-0.07670263200998306
0.02980220504105091
-0.0009331090259365737
-0.028746390715241432
0.05194360390305519
0.028473366051912308
0.04377540946006775
-0.0416155606508255
0.020682379603385925
-0.044376861304044724
-0.3403470516204834
0.2141512632369995
0.16185715794563293
-0.22546327114105225
0.28918126225471497
0.022118769586086273
-0.3709283769130707
0.288272500038147
0.11024489253759384
0.20753055810928345
-0.09192632138729095
-0.08777769654989243
-0.14382562041282654
-0.2483571618795395
0.09138460457324982
-0.6572021842002869
-0.1732950359582901
0.05993729457259178
-0.08715292066335678
0.15908806025981903
0.2250843644142151
-0.4454522728919983
-0.5623769164085388
0.03820645064115524
0.09874236583709717
-0.444241464138031
-0.36757171154022217
0.13197456300258636
-0.14561833441257477
-0.052659109234809875
-0.5520164966583252
-0.07572715729475021
0.08066881448030472
0.20418494939804077
-0.10902251303195953
-0.048984672874212265
-0.015928467735648155
0.038262855261564255
-0.03271334990859032
0.022259177640080452
0.05633245408535004
0.004862987902015448
-0.03896394744515419
-0.032560084015131
0.0082375667989254
-0.13213607668876648
0.057260237634181976
0.09842702001333237
-0.14443041384220123
-0.16874217987060547
0.03478001803159714
-0.07489870488643646
-0.023709651082754135
0.04510977491736412
0.20327253639698029
0.31658312678337097
0.4677620828151703
-0.17291568219661713
-0.20925366878509521
0.20866158604621887
-0.05547523498535156
-0.37386393547058105
-0.36233657598495483
0.48742157220840454
0.44747239351272583
0.10505647212266922
-0.40181469917297363
0.2502650320529938
0.10398832708597183
-0.7892595529556274
-0.07751955091953278
-0.016882112249732018
-0.4265187382698059
-0.5137370824813843
-0.0800667330622673
-0.07546967267990112
-0.13148556649684906
0.11009661853313446
0.3669651448726654
0.4204472005367279
0.09772227704524994
0.12575238943099976
0.10234037041664124
-0.0744340717792511
-0.01665402017533779
-0.06678984314203262
0.04543651267886162
-0.16829104721546173
-0.27686142921447754
0.07737963646650314
0.2088804394006729
-0.14912307262420654
0.017829548567533493
-0.04552741348743439
0.0529959574341774
0.08862391114234924
-0.07263556122779846
0.03707867115736008
0.07452823221683502
-0.0581936314702034
0.07331173121929169
-0.06354991346597672
-0.10562418401241302
0.2001066952943802
0.1478014588356018
-0.2599215507507324
-0.07865104079246521
-0.07018852978944778
-0.37592875957489014
-0.33834803104400635
-0.15867269039154053
-0.41174063086509705
-0.5677806735038757
-0.32810625433921814
0.10696835815906525
-0.18396732211112976
-0.44300946593284607
-0.2823628783226013
-0.5549109578132629
-0.4608618915081024
-0.2794734537601471
-0.0649370402097702
-0.4764534533023834
-0.3205970227718353
-0.14748238027095795
-0.23200029134750366
-0.16890980303287506
0.046500351279973984
-0.0458991676568985
0.05420757830142975
0.010321995243430138
-0.04298294335603714
0.0003295602509751916
-0.014671092852950096
0.038778625428676605
0.003189575159922242
0.3134706914424896
0.21931450068950653
0.2782585918903351
0.4961963891983032
0.06463701277971268
0.1680895835161209
-0.426972895860672
-0.41916418075561523
-0.08634817600250244
-0.09374517947435379
-0.10905998945236206
-0.20981720089912415
0.37704065442085266
-0.013236787170171738
-0.18962478637695312
0.20143906772136688
-0.3392072319984436
0.05184590816497803
-0.31854578852653503
-0.04078550636768341
0.0384841151535511
-0.018227042630314827
0.08389171957969666
0.2756565809249878
0.22365359961986542
0.540214478969574
0.19289512932300568
0.2128658890724182
0.24744544923305511
0.17405983805656433
0.031136849895119667
0.33933988213539124
0.20955497026443481
-0.5386173725128174
-0.1636776626110077
-0.052616480737924576
0.21073265373706818
0.24498677253723145
0.5275257229804993
0.045080967247486115
0.07472929358482361
0.35404446721076965
-0.29673314094543457
-0.040419626981019974
0.17638660967350006
-0.21551348268985748
-0.5155289173126221
-0.14000269770622253
0.09052188694477081
0.030559856444597244
0.1988033801317215
-0.08717679977416992
0.25958189368247986
0.1742008477449417
0.11028562486171722
0.35527145862579346
0.47689637541770935
0.14795738458633423
0.12615364789962769
0.09683828055858612
-0.35439786314964294
-0.36466285586357117
0.07347901165485382
-0.10590406507253647
0.0671091377735138
0.4179847240447998
0.06338653713464737
0.24115312099456787
0.14844432473182678
-0.4563365876674652
-0.42363953590393066
0.08929061144590378
-0.4006548821926117
-0.5854197144508362
-0.14583925902843475
-0.5703696012496948
-0.4853091537952423
-0.3295506536960602
-0.4290836453437805
0.1963164061307907
-0.04242437705397606
0.022067928686738014
0.014345754869282246
0.003376299748197198
0.02920546941459179
-0.013269064016640186
0.027827471494674683
-0.011134768836200237
-0.0275798998773098
-0.037309810519218445
-0.31218400597572327
-0.7913845777511597
-0.428205281496048
-0.6945384740829468
-1.0766476392745972
-0.7044987678527832
-0.4337359666824341
-0.041919633746147156
-0.06656234711408615
0.1561434268951416
-0.10813017189502716
-0.11734534800052643
-0.26989489793777466
-0.20543205738067627
0.07017078250646591
-0.17996539175510406
-0.09100954234600067
-0.1449534296989441
-0.002303831046447158
0.04087797552347183
0.05598338693380356
0.042503971606492996
0.02244439721107483
-0.053579188883304596
0.025424791499972343
0.037126295268535614
0.055532414466142654
-0.16110576689243317
-0.4818708300590515
-0.025182873010635376
0.10461924225091934
-0.01777811534702778
0.206655815243721
-0.2488560527563095
-0.060547299683094025
0.32864314317703247
-0.05675102770328522
0.05176011472940445
-0.011630346067249775
0.03387737646698952
0.04446375370025635
-0.0013201446272432804
0.011904054321348667
-0.02029302716255188
-0.035367969423532486
0.012645659036934376
0.07109082490205765
0.08164406567811966
-0.0891425609588623
-0.18515843152999878
0.20908841490745544
-0.4108545780181885
-0.3244265913963318
0.0735444575548172
0.009147824719548225
-0.005796315614134073
-0.019703038036823273
0.05571925267577171
0.036741893738508224
0.015933027490973473
-0.004513170104473829
-0.03326781466603279
-0.053793661296367645
-0.3602711856365204
-0.19237500429153442
-0.15072904527187347
-0.04650673642754555
-0.3688485324382782
-0.13270139694213867
-0.28873568773269653
-0.2374141663312912
0.11350248008966446
-0.022042330354452133
-0.05976458638906479
-0.12359803915023804
0.23398371040821075
0.16512025892734528
0.18405361473560333
0.17653968930244446
0.39893433451652527
0.11618151515722275
0.15062585473060608
0.3133763372898102
0.3170532286167145
0.17076675593852997
0.350678950548172
0.38236138224601746
-0.057485271245241165
-0.249885693192482
-0.0817277580499649
-0.015373479574918747
0.27102670073509216
0.0913001298904419
-0.20167355239391327
-0.16397540271282196
0.26683947443962097
-0.3539177179336548
-0.39743173122406006
0.10808296501636505
0.012012912891805172
0.008543848060071468
-0.0381048321723938
0.017015820369124413
-0.047328971326351166
0.025141915306448936
0.03190327435731888
-0.004980036523193121
-0.030985800549387932
-0.007556733675301075
0.0007366067147813737
-0.07013960927724838
-0.17620325088500977
0.1121268942952156
-0.10683705657720566
-0.029622545465826988
-0.21154868602752686
0.10184664279222488
0.14874303340911865
0.4656665027141571
0.5078277587890625
-0.1300686001777649
0.3320356011390686
0.26526010036468506
-0.2943722605705261
-0.19303251802921295
-0.21574683487415314
0.21530018746852875
0.02749505639076233
0.07934749871492386
-0.1900896430015564
-0.01129869744181633
0.17477160692214966
-0.5392336845397949
-0.40263092517852783
-0.05573384836316109
0.306076318025589
-0.4853596091270447
0.09292422235012054
-0.13482867181301117
-0.02015623077750206
0.24473947286605835
-0.3287326991558075
-0.022684337571263313
-0.06273125112056732
0.06237087398767471
-0.20232965052127838
-0.1346743404865265
-0.18536075949668884
0.3124438226222992
0.1723981499671936
0.20409488677978516
0.3851344585418701
0.3478536605834961
0.05866415053606033
-0.0018951129168272018
0.11748011410236359
0.11247503012418747
0.1617090255022049
-0.020992344245314598
0.031778834760189056
-0.005068068392574787
0.03402044624090195
0.31603896617889404
0.17846627533435822
0.13808628916740417
0.06832815706729889
-0.09362349659204483
0.18496516346931458
0.17184945940971375
-0.0799151137471199
0.11086516827344894
0.306505411863327
0.31782251596450806
0.40140825510025024
0.40686073899269104
0.1527036875486374
0.12327162176370621
-0.2671658396720886
-0.341141015291214
0.0556441955268383
-0.06814812123775482