-0.06587754935026169
-0.09322982281446457
-0.3913348317146301
0.22118592262268066
-0.0944833979010582
-0.29474425315856934
-0.05894264578819275
-0.04752214998006821
-0.16582146286964417
-0.007018595468252897
-0.057412922382354736
0.047005053609609604
0.0511179119348526
-0.018895864486694336
0.020032566040754318
0.043895695358514786
-0.011041013523936272
0.007910639978945255
-0.0016595221823081374
-0.44092389941215515
-0.6941078305244446
0.2541126012802124
-0.14515788853168488
-0.07288748025894165
0.44376829266548157
0.40073132514953613
0.29354894161224365
0.06353442370891571
-0.16760283708572388
-0.3527106046676636
0.11848414689302444
-0.36640316247940063
-0.16687199473381042
-0.04698352515697479
0.064907006919384
0.13676008582115173
-0.10748561471700668
-0.07933127135038376
-0.2367403358221054
0.025872305035591125
0.03200265392661095
0.234534353017807
0.48594164848327637
0.0563591830432415
0.46284013986587524
-0.03351729363203049
-0.08440989255905151
0.21902041137218475
0.24262526631355286
0.029658228158950806
0.016342442482709885
0.22640864551067352
0.13478605449199677
-0.06818113476037979
-0.2256440967321396
-0.31034186482429504
-0.1827019602060318
0.20710963010787964
0.04699518904089928
0.1133468970656395
0.44084054231643677
0.2746923863887787
0.3252068758010864
-0.23820514976978302
-0.5336354970932007
-0.09955735504627228
-0.2514279782772064
-0.49648818373680115
-0.12573960423469543
-0.026325490325689316
0.1721668392419815
0.09622546285390854
0.0785263404250145
-0.12422135472297668
-0.22018809616565704
0.5336405634880066
0.3747529983520508
0.08657944947481155
0.41726475954055786
0.2895154356956482
0.17274434864521027
-0.1338551640510559
-0.09706877917051315
-0.20722857117652893
0.11044666171073914
0.09686875343322754
0.10864042490720749
-0.12081179767847061
0.003004638710990548
0.10012142360210419
-0.28763335943222046
-0.379825621843338
-0.02621200494468212
-0.4744028151035309
-0.30814263224601746
-0.08479505777359009
-0.5150015354156494
-0.46149691939353943
-0.6335346698760986
-0.00022271799389272928
0.05711410939693451
0.01020453218370676
0.00946006365120411
0.027733638882637024
0.02933930605649948
-0.057189010083675385
-0.0037933848798274994
-0.05881330743432045
-0.6030035018920898
-0.2382398545742035
-0.0704725980758667
-0.4494982361793518
-0.2500046491622925
-0.11565786600112915
-0.4740770161151886
-0.6541532874107361
-0.4433412253856659
-0.31613022089004517
-0.3227151036262512
-0.17118488252162933
-0.2414678931236267
-0.22197379171848297
-0.10618092864751816
-0.2816613018512726
-0.06753569096326828
0.06108931452035904
0.004316539969295263
0.030929604545235634
0.04256545007228851
-0.012013432569801807
-0.052845895290374756
-0.025243334472179413
0.016920877620577812
-0.032889265567064285
0.04192928597331047
-0.1227080300450325
-0.36691009998321533
0.07850660383701324
0.13729022443294525
0.16401909291744232
0.07563162595033646
0.15395128726959229
-0.06193989887833595
-0.17528975009918213
0.027376070618629456
-0.03609595075249672
0.019921958446502686
-0.00823209434747696
-0.02854289300739765
-0.010638117790222168
0.03204026445746422
-0.05029398947954178
0.014388330280780792
-0.20120328664779663
0.02972593903541565
0.030628003180027008
-0.012821576558053493
-0.24434348940849304
-0.05116119235754013
0.14034056663513184
0.21152611076831818
0.06587017327547073
-0.002378262346610427
-0.040083542466163635
0.04651365801692009
0.05548445135354996
0.01504299696534872
-0.005739189684391022
-0.009318949654698372
-0.05375228449702263
0.015462941490113735
0.12293410301208496
0.1269267499446869
-0.15639759600162506
-0.09743443876504898
0.036421094089746475
-0.4069369435310364
0.0960659608244896
0.188207745552063
-0.13622480630874634
-0.2609370946884155
-0.3234228193759918
-0.4465979337692261
-0.3205431401729584
0.030344592407345772
0.28822895884513855
0.3784603476524353
0.5804643630981445
0.3709913492202759
0.4947328269481659
0.11987703293561935
-0.12894226610660553
0.33423858880996704
0.2684006989002228
0.18326294422149658
0.5602778792381287
-0.011865466833114624
0.1176946610212326
-0.1502227932214737
-0.46408894658088684
-0.291299045085907
0.019038671627640724
0.009388623759150505
0.281413197517395
0.3339556157588959
0.30086860060691833
0.14803706109523773
-0.006747014820575714
-0.021720891818404198
0.02257232740521431
0.017085405066609383
-0.05515642091631889
0.02394118718802929
-0.0041196015663445
0.05704544484615326
-0.002071840688586235
0.14599211513996124
-0.044804561883211136
0.16414879262447357
-0.10898513346910477
0.012892848812043667
-0.12434015423059464
-0.009078542701900005
-0.11072208732366562
-0.10426942259073257
0.5038082003593445
0.39898917078971863
0.007828837260603905
0.4117662310600281
0.5014668107032776
0.20150896906852722
0.29836928844451904
0.36578798294067383
0.11553287506103516
0.01598646305501461
-0.05545062571763992
-0.26237422227859497
0.36163976788520813
0.01207886915653944
-0.18152493238449097
0.27173155546188354
-0.13900648057460785
-0.2075568586587906
-0.2185804396867752
-0.8076026439666748
-0.06432577967643738
-0.06928164511919022
0.04194069281220436
0.027724305167794228
-0.12409310787916183
-0.10384277999401093
-0.4874272346496582
-0.24859170615673065
-0.22869598865509033
-0.2194419652223587
-0.1252015382051468
-0.10377584397792816
-0.03415428847074509
0.278291255235672
-0.022201871499419212
0.023241909220814705
-0.032281842082738876
-0.17107918858528137
-0.10958076268434525
-0.047140855342149734
0.1586974859237671
0.13773757219314575
0.21099062263965607
0.03577526658773422
0.14055658876895905
-0.04431464150547981
-0.1956883668899536
-0.039855170994997025
-0.1261894553899765
-0.09853137284517288
0.09632303565740585
0.04708501696586609
0.16603367030620575
0.0982474610209465
0.37232667207717896
-0.1366763412952423
-0.1764880120754242
0.41070806980133057
-0.010197287425398827
-0.05989138036966324
0.1989925354719162
0.29749980568885803
0.4272365868091583
-0.11429488658905029
-0.5196056365966797
0.07046078890562057
-0.0949103981256485
-0.3227483034133911
-0.2374061793088913
-0.3248409032821655
-0.6075367331504822
-0.7805033326148987
-0.2969539761543274
-0.04616379365324974
-0.025425374507904053
-0.042373280972242355
-0.029344215989112854
0.00537139130756259
0.0510692223906517
0.013600127771496773
-0.029555413872003555
-0.04051991179585457
-0.02932959422469139
-0.028962841257452965
0.026328062638640404
0.08818461745977402
-0.08640556037425995
-0.06831111013889313
-0.019287729635834694
-0.224457249045372
0.108521968126297
-0.10797882825136185
-0.4233165979385376
0.045039236545562744
0.02075052261352539
-0.19867447018623352
0.0659119188785553
-0.506118893623352
-0.35206905007362366
0.23569166660308838
-0.07713016122579575
0.0342814140021801
0.31509214639663696
-0.15222659707069397
0.025437165051698685
0.041943036019802094
0.25868383049964905
0.2266550213098526
0.004332162439823151
-0.03503558412194252
-0.2668703496456146
-0.15766580402851105
-0.062289249151945114
-0.19553036987781525
-0.09805554151535034
-0.008630200289189816
-0.31676173210144043
-0.07947346568107605
-0.004942219238728285
-0.013860974460840225
0.14924673736095428
-0.005462555214762688
-0.03135553002357483
0.11834340542554855
-0.019576892256736755
0.19717739522457123
0.34015926718711853
-0.08308267593383789
0.11409445852041245
-0.2021293193101883
-0.2567999064922333
0.16479672491550446
0.008191960863769054
0.022846560925245285
0.20258906483650208
-0.17420357465744019
0.05314631760120392
-0.11993187665939331
-0.27184510231018066
-0.13554763793945312
-0.1914321333169937
-0.07366820424795151
-0.44710269570350647
-0.1799839437007904
0.04183473065495491
0.06485068053007126
0.1284000277519226
-0.16261880099773407
-0.1142006367444992
-0.07596354186534882
0.0020892941392958164
0.023969171568751335
0.02977549470961094
0.23676607012748718
0.04747195914387703
0.14251196384429932
-0.043182119727134705
0.1948760449886322
-0.01841020956635475
-0.07324232161045074
-0.13548023998737335
0.24805788695812225
-0.09504660964012146
0.021395046263933182
0.053381744772195816
-0.03139377012848854
-0.025351082906126976
0.026229128241539
-0.014047018252313137
-0.021670933812856674
0.007217254489660263
0.009566175751388073
-0.3259139358997345
-0.28781986236572266
-0.3093283474445343
-0.23616348206996918
0.1829943060874939
-0.11762009561061859
-0.16539530456066132
-0.1718437671661377
-0.09534011036157608
-0.07958682626485825
0.1109246164560318
0.11842271685600281
0.044764965772628784
0.10983119904994965
-0.17352892458438873
-0.2605641484260559
-0.2943130433559418
-0.005325904581695795
0.03840596601366997
0.05890866369009018
0.005445969756692648
-0.00657333480194211
-0.007020189892500639
-0.002484886907041073
0.0015078807482495904
0.020305298268795013
0.0492325983941555
-0.06284555792808533
-0.1446075290441513
0.05217638611793518
-0.05854540318250656
0.2120627909898758
0.25640425086021423
-0.044963669031858444
0.12767378985881805
0.5804081559181213
-0.05419953912496567
0.016543390229344368
0.04084453359246254
0.015514563769102097
-0.029350699856877327
0.008169162087142467
0.05394139885902405
0.028979022055864334
0.055568963289260864
0.11472607403993607
0.11462592333555222
-0.27424362301826477
-0.6253648996353149
-0.1412595957517624
-0.4538547694683075
-0.3495578169822693
0.1899709403514862
-0.4066329300403595
-0.049113448709249496
0.016647769138216972
0.030183227732777596
0.04489436000585556
0.044743187725543976
0.04380127415060997
0.025895163416862488
-0.009704522788524628
0.04555877298116684
-0.23639722168445587
-0.0005310584674589336
-0.4589609205722809
-0.17000579833984375
0.16389921307563782
-0.33131247758865356
-0.18209779262542725
-0.16883566975593567
-0.46910202503204346
-0.2645872235298157
-0.19391097128391266
-0.05925328657031059
-0.10109341144561768
-0.1547459214925766
-0.17254483699798584
0.15626205503940582
-0.11785198748111725
0.1939961016178131
0.06402090936899185
-0.2702743411064148
-0.2298009693622589
-0.04530132934451103
-0.047507964074611664
-0.29114702343940735
-0.24851810932159424
-0.25964388251304626
-0.41075292229652405
0.28709420561790466
0.16398265957832336
0.024646444246172905
0.19462066888809204
0.2388482391834259
0.05277244374155998
0.14032049477100372
0.09306007623672485
0.3805226683616638
-0.0459708608686924
-0.005516889039427042
0.040080249309539795
-0.019891850650310516
-0.05713950842618942
0.01191936805844307
-0.017195822671055794
-0.008092953823506832
0.03272709250450134
-0.2690546214580536
0.17901872098445892
-0.0953865498304367
0.0753156989812851
0.04067743569612503
-0.08925159275531769
-0.18255694210529327
-0.01806686818599701
0.0015719836810603738
-0.03224582597613335
-0.07663674652576447
-0.5333684086799622
-0.11173013597726822
-0.18625840544700623
-0.2917378544807434
-0.026566635817289352
-0.34107983112335205
-0.2276587188243866
0.03049352578818798
0.1918315589427948
0.37577804923057556
0.15313270688056946
0.08392714709043503
0.4122852087020874
0.012514598667621613
0.20653164386749268
-0.33744120597839355
0.1910638064146042
0.3587811589241028
0.24433931708335876
-0.10347028076648712
0.23592321574687958
0.46193400025367737
0.0192533191293478
0.24595971405506134
0.33101609349250793
-0.11514177173376083
0.19693896174430847
0.12662389874458313
-0.03488386794924736
0.1848117709159851
0.22528637945652008
0.15658830106258392
-0.04489355906844139
-0.023511508479714394
-0.20820432901382446
0.06359682977199554
-0.08676507323980331
-0.033418264240026474
-0.09438895434141159
0.0010899032931774855
-0.3114302158355713
0.023151833564043045
0.33543428778648376
0.25374555587768555
0.2828674912452698
-0.06905495375394821
0.03642375022172928
0.15383540093898773
-0.030138662084937096
0.09753692150115967
0.22234459221363068
-0.11720305681228638
0.04071173816919327
-0.22343990206718445
-0.3683036267757416
-0.601613461971283
-0.5715755820274353
-0.5943158864974976
-0.19109418988227844
-0.1876322329044342
-0.6792107224464417
-0.26832860708236694