0.3328648805618286
0.7421746253967285
0.24346768856048584
0.05639219284057617
0.6798074245452881
0.343445748090744
-0.5715410709381104
-1.1068576574325562
-0.4834555983543396
-0.20477165281772614
0.3428098261356354
-0.13480235636234283
0.45141875743865967
0.44195106625556946
0.5256469249725342
-0.01726849004626274
-0.1733776032924652
0.16427695751190186
-0.05730040743947029
-0.43724051117897034
-0.1493409276008606
-0.46261104941368103
-0.259021133184433
-0.22766044735908508
-0.2871870696544647
0.005301582161337137
-0.22017870843410492
0.11030912399291992
0.12250630557537079
0.07581385970115662
-0.28851932287216187
-0.15845096111297607
-0.23998196423053741
0.04316723719239235
0.3277377486228943
0.07723256200551987
0.08903639763593674
0.14044202864170074
-0.04675137624144554
-0.22347858548164368
-0.10417751222848892
0.21422268450260162
-0.21572758257389069
-0.31882622838020325
-0.20504708588123322
0.22214233875274658
0.22579342126846313
-0.03172755613923073
-0.21810400485992432
0.032525137066841125
0.00453371275216341
0.024582969024777412
-0.03572695702314377
-0.19207733869552612
-0.08755209296941757
0.2236640304327011
0.4325123429298401
-0.4346601963043213
-0.005177294835448265
0.15015701949596405
-0.33673152327537537
-0.2050284892320633
-0.2825683057308197
0.14597418904304504
0.05779177322983742
0.03091759793460369
-0.05430037900805473
0.3526268005371094
0.3101210594177246
-0.4018951654434204
-0.6183550953865051
0.03465938940644264
0.0505991131067276
-0.2605157494544983
0.07294783741235733
0.03735056892037392
-0.08963584899902344
0.1788909137248993
-0.5953104496002197
-0.6372047662734985
-0.08713607490062714
0.10253169387578964
0.23440876603126526
0.2866401970386505
-0.17758522927761078
-0.08274468034505844
0.07237931340932846
-0.024157637730240822
-0.0582374669611454
-0.33915960788726807
0.18437285721302032
0.2232309877872467
0.11246897280216217
-0.16440117359161377
0.04009043425321579
0.2684423327445984
-0.12351097911596298
-0.19127576053142548
-0.12155316770076752
-0.07954757660627365
-0.05097414180636406
-0.12439724802970886
-0.09484844654798508
-0.015800615772604942
0.3229486644268036
-0.1950409710407257
-0.20382894575595856
-0.12429270893335342
0.0748753622174263
0.2124614715576172
-0.17899158596992493
0.07488992065191269
0.008334621787071228
0.3032476305961609
-0.03236714377999306
-0.21419431269168854
0.11523206532001495
0.0312812440097332
-0.19116464257240295
-0.16556799411773682
-0.6735300421714783
-0.5362321138381958
-0.34047994017601013
-0.027213165536522865
0.029012270271778107
-0.31156104803085327
-0.10185263305902481
-0.7309616804122925
-0.057097457349300385
-0.21329279243946075
-0.2864868938922882
-0.15113334357738495
0.26946917176246643
0.24010315537452698
-0.039370469748973846
0.047290652990341187
0.03886648267507553
-0.09185386449098587
-0.018132032826542854
-0.01989898644387722
0.25541841983795166
0.004127513617277145
-0.24071376025676727
-0.19316169619560242
0.06864668428897858
0.031088242307305336
0.1398034542798996
-0.2477913796901703
-0.029427483677864075
0.03367310389876366
-0.00550993625074625
0.09360624104738235
-0.2537076771259308
-0.004398887045681477
0.013705916702747345
-0.04714473336935043
-0.17251308262348175
-0.04000391438603401
-0.05104914307594299
0.005365738179534674
-0.42667239904403687
-0.28551867604255676
-0.15486957132816315
-0.14245103299617767
0.01884259469807148
-0.03767266869544983
0.0528365820646286
-0.014466547407209873
-0.1578073650598526
-0.006449275650084019
-0.07171638309955597
-0.24005287885665894
-0.5182138085365295
-0.18005293607711792
0.027745364233851433
-0.47893571853637695
0.03082296811044216
0.17646056413650513
0.011359544470906258
-0.21702076494693756
0.4082850515842438
0.36313721537590027
0.09434758871793747
-0.5246036052703857
0.11569070816040039
0.11571933329105377
-0.03665236011147499
-0.4367312788963318
-0.815710186958313
-0.1511400192975998
-0.20438741147518158
0.09518779069185257
-0.19793854653835297
-0.1846620887517929
0.11301540583372116
0.07597730308771133
0.1255917251110077
-0.12121975421905518
0.20669128000736237
0.204475536942482
0.12589071691036224
-0.11009841412305832
-0.17727288603782654
-0.18319730460643768
-0.05817882716655731
-0.5317539572715759
-0.410425066947937
-0.1418505162000656
-0.10193877667188644
0.053051672875881195
0.5250912308692932
0.8419834971427917
0.4026445150375366
-0.09903377294540405
-0.14893099665641785
0.11140826344490051
0.3205416798591614
0.31612467765808105
-0.18549790978431702
0.6921762824058533
0.9385064244270325
0.49608853459358215
-0.40825802087783813
-0.3097800314426422
0.32301589846611023
0.09540048986673355
-0.020704355090856552
0.14104272425174713
-0.14933636784553528
0.03618483617901802
0.018536103889346123
-0.0791066437959671
0.03506414219737053
-0.07134339958429337
0.32054051756858826
0.330145925283432
0.346222847700119
0.1618424952030182
0.43460613489151
0.6030029654502869
-0.5796850919723511
-0.7672070264816284
-0.012174081988632679
-0.24310380220413208
-0.39910849928855896
-0.34406203031539917
-0.02419457584619522
-0.48501819372177124
-0.034968771040439606
0.4236779510974884
0.14491267502307892
0.16426357626914978
0.2419532984495163
0.3227437138557434
0.20963113009929657
-0.3240703344345093
-0.17887648940086365
-0.11890101432800293
-0.03284365311264992
-0.3459900915622711
-0.4768538475036621
-0.08559006452560425
-0.05715284124016762
0.0793900191783905
-0.30125924944877625
-0.1514151245355606
-0.09750167280435562
-0.23842747509479523
0.26805606484413147
-0.06971172988414764
-0.13505412638187408
-0.1051025241613388
0.12886016070842743
-0.2932220697402954
-0.11752569675445557
-0.16910536587238312
0.19414646923542023
0.12706845998764038
-0.02746478095650673
-0.3143779933452606
-0.3300999402999878
-0.08999352902173996
-0.2705977261066437
-0.0577060803771019
-0.23688006401062012
0.37864622473716736
0.32601696252822876
0.3403971493244171
-0.15283896028995514
-0.27291736006736755
-0.05980057269334793
0.4021192491054535
-0.25252246856689453
-0.2761552035808563
-0.3924270272254944
-0.025334373116493225
0.16707231104373932
-0.2986484467983246
0.07893001288175583
-0.11078743636608124
0.0924922376871109
-0.5619658827781677
-0.5918223261833191
-0.28377917408943176
-0.25783059000968933
-0.24772685766220093
-0.1516316682100296
-0.3540414273738861
-0.025545740500092506
0.03849487751722336
-0.6704186201095581
-0.0504065603017807
0.17613504827022552
-0.22501276433467865
0.10157416015863419
0.6426970362663269
0.172228142619133
0.4614667594432831
0.5005565285682678
-0.5715300440788269
-0.09446337819099426
0.5065833330154419
-0.7279860377311707
-0.2090296447277069
-0.19662505388259888
-0.01828129030764103
-0.08558004349470139
-0.12117000669240952
0.12028041481971741
0.0763150081038475
0.21014967560768127
0.2770695090293884
-0.0617789588868618
0.08899055421352386
0.13494418561458588
0.11542481929063797
0.2530311644077301
0.2774735689163208
0.301546186208725
0.3920128047466278
-0.019495472311973572
0.25113871693611145
0.24241921305656433
-0.0317809022963047
-0.15517419576644897
-0.11445952206850052
0.327646404504776
-0.10732764005661011
0.15299095213413239
-0.0921025201678276
0.04898355156183243
0.08601787686347961
-0.06276196986436844
0.0005982628208585083
0.3360397219657898
-0.17706502974033356
-0.14225871860980988
-0.3519635498523712
-0.007954771630465984
-0.022286247462034225
-0.34816810488700867
0.44528108835220337
-0.2598630487918854
0.17903316020965576
0.9842858910560608
0.16220775246620178
-0.1280214786529541
0.6536949276924133
0.3145044445991516
0.3297724425792694
-0.004578514024615288
-0.029971176758408546
-0.06052606552839279
0.30124375224113464
0.2281094491481781
0.3088212013244629
-0.30349114537239075
-0.13538970053195953
-0.04626777023077011
-0.01168753020465374
-0.058412790298461914
-0.06015000119805336
0.10159792751073837
-0.022002466022968292
0.14810489118099213
0.22020457684993744
-0.02194083109498024
0.12191282957792282
-0.29496052861213684
-0.12972639501094818
-0.2552206516265869
0.34845221042633057
0.20050688087940216
0.21901224553585052
0.34085771441459656
-0.057218946516513824
0.20012259483337402
-0.29359033703804016
-0.5706097483634949
-0.4855976998806
0.40035292506217957
-0.11780419200658798
0.1346452534198761
0.5887029767036438
-0.1874217391014099
0.21525099873542786
-0.2695593237876892
-0.5077552199363708
-0.31552237272262573
1.009617805480957
0.33271700143814087
-0.14802955090999603
0.027153434231877327
0.3582819700241089
0.3421471118927002
-0.34425967931747437
-0.030776577070355415
-0.1634385883808136
0.04676171764731407
0.3989690840244293
0.6356334686279297
0.34121212363243103
-0.2517070472240448
0.39568009972572327
-0.26206424832344055
-0.08494200557470322
-0.05945372208952904
0.261763334274292
0.08402593433856964
0.1793903261423111
0.17052991688251495
-0.006295336410403252
0.14985454082489014
-0.01433165930211544
-0.029907774180173874
0.10012071579694748
0.1382269263267517
0.05166482552886009
0.3581998348236084
-0.08391397446393967
-0.10373836010694504
0.08828173577785492
0.1838034689426422
-0.04398588836193085
0.17036683857440948
0.060196153819561005
-0.0506611242890358
-0.06850703805685043
-0.14049650728702545
-0.059580959379673004
0.1879749894142151
-0.14208124577999115
0.009388027712702751
0.09921298176050186
-0.40775609016418457
-0.10424444079399109
0.38416993618011475
-0.13868974149227142
-0.15122820436954498
0.18432973325252533
-0.20973467826843262
-0.019601503387093544
-0.07339422404766083
0.19663695991039276
0.4413822293281555
0.45717182755470276
-0.07939319312572479
-0.10274192690849304
0.4644942581653595
0.37964627146720886
-0.23552128672599792
0.03685287758708
-0.7290461659431458
-1.0570993423461914
-0.5910771489143372
-1.00994873046875
-0.5938848257064819
-0.12554045021533966
-0.0797286331653595
0.12784124910831451
0.03765364736318588
0.57886803150177
0.6062213778495789
0.6030257344245911
0.2932286858558655
0.17751444876194
0.2287140190601349
0.2730614244937897
-0.03140801936388016
0.06082141026854515
-0.1333809345960617
-0.34078919887542725
-0.37528908252716064
-0.4812993109226227
-0.1470663845539093
-0.27803051471710205
0.5552994608879089
0.14012041687965393
0.19174614548683167
0.7757472991943359
0.08650879561901093
0.12255594879388809
0.428982138633728
0.1375419646501541
-0.07615813612937927
0.13821552693843842
0.020077619701623917
0.32669657468795776
-0.319336473941803
-0.7812343835830688
-0.2503485679626465
0.3622342646121979
-0.11501586437225342
-0.30843424797058105
-0.00020303568453527987
-0.2435266673564911
-0.024476071819663048
0.7120851874351501
-0.014114024117588997
0.12500639259815216
0.24450737237930298
0.3078562319278717
0.05050881206989288
-0.1464192420244217
-0.0307921189814806
0.3049839437007904
0.09772701561450958
-0.1575566828250885
-0.12029809504747391
0.047794491052627563
0.0398089662194252
-0.22036665678024292
-0.5110090970993042
-0.19782207906246185
-0.6051276922225952
0.10984504222869873
0.029576892033219337
0.20388545095920563
0.17371398210525513
-0.4021255373954773
0.1387072503566742
0.7122839689254761
0.21859198808670044
0.13570985198020935
-0.19729359447956085
-0.31458622217178345
-0.4577925205230713
-0.4426945149898529
-0.12091309577226639
-0.3660276532173157
-0.2107069045305252
-0.12911345064640045
-0.19462361931800842
0.7023271322250366
0.4020765423774719
0.1458737701177597
0.4045315384864807
0.3549140393733978
0.033536169677972794
0.03622029349207878
-0.05641396343708038
-0.03385131061077118
0.3441881537437439
0.3730587065219879
0.7519226670265198
0.464082270860672
0.47217366099357605
-0.0012929330114275217
0.1432984620332718
0.7763846516609192
0.640518069267273
0.5246636271476746
1.41318941116333
1.5642129182815552
0.05599846690893173
0.171391561627388
0.6380736827850342
-0.02622051164507866
-0.5825823545455933
-0.452777236700058
-1.0473928451538086
-0.9724921584129333
-0.42819830775260925
-0.6052877902984619
-0.23223599791526794
0.17630033195018768
-0.027821555733680725
-0.20949113368988037
-0.2572594881057739
-0.035293128341436386
-0.317325234413147
0.17066437005996704
0.20683161914348602
-0.27563753724098206
-0.07100006937980652
0.07167468965053558
-0.6112880706787109
-0.18053029477596283
0.3824937045574188
-0.6550937294960022
-0.1531931757926941
0.28535085916519165
-0.14395467936992645
-0.22770287096500397
0.10642867535352707
-0.0728292316198349
0.25220292806625366
0.4762561619281769
-0.047710806131362915
0.3386054039001465
0.22445140779018402
0.19168511033058167
0.24899862706661224
-0.1329105645418167
0.0035177506506443024
0.07645908743143082
0.21639320254325867
-0.006981413811445236
0.3129323422908783
-0.056848857551813126
-0.1048869639635086
0.07447244226932526
0.025077050551772118
-0.14768746495246887
-0.017586782574653625
-0.10984055697917938
0.034395188093185425
0.019490692764520645
-0.210859477519989
-0.010125369764864445
-0.03932889178395271
-0.5347038507461548
-0.05386733636260033
0.07228533178567886
-0.09422329068183899
0.05835702642798424
-0.1215411126613617
-0.16108602285385132
0.26871079206466675
0.24052643775939941
-0.14704440534114838
-0.6471259593963623
-1.2638254165649414
-1.0462602376937866
-1.6508418321609497
-0.9789223074913025
-0.7590096592903137
-0.39872297644615173
-0.28033730387687683
-0.2549199163913727
0.1992320418357849
-0.611653208732605
-1.1642639636993408
0.06784747540950775
-0.531467616558075
-0.453260600566864
-0.02268395572900772
-0.08321238309144974
-1.0017188787460327
0.1415717899799347
0.08492973446846008
0.022867798805236816
0.18064239621162415
0.03155502304434776
-0.1875540167093277
0.11261950433254242
0.17711912095546722
-0.15454603731632233
0.029342006891965866
-0.036866694688797
0.12539483606815338
0.05634985491633415
0.280213862657547
-0.08425930887460709
0.0466783381998539
-0.04362086206674576
-0.12985610961914062
0.0549505390226841
-0.10826820135116577
0.22255569696426392
-0.01789572462439537
0.13513438403606415
-0.01767801307141781
0.0964178666472435
0.27011793851852417
-0.1303568035364151
0.12873254716396332
0.2793373465538025
-0.5325272679328918
0.42832887172698975
0.18044477701187134
-0.31129348278045654
0.09077492356300354
-0.8173485994338989
-0.12847763299942017
0.24505715072155
0.16043715178966522
-0.24998541176319122
0.3968563973903656
0.17164936661720276
-0.036376602947711945
0.1937042623758316
-0.05789664387702942
-0.30414560437202454
0.07617238163948059
0.18888671696186066
0.6236147284507751
0.2599789500236511
0.32439467310905457
0.4275786280632019
0.12592826783657074
0.12652800977230072
-0.017731131985783577
-0.23093737661838531
-0.2786311209201813
-0.051910996437072754
-0.12091221660375595
-0.0070033869706094265
-0.14635087549686432
-0.08025547862052917
0.19604931771755219
-0.004213140811771154
-0.13501687347888947
-0.024931205436587334
0.12482301145792007
0.017383072525262833
0.04975998401641846
-0.0397324413061142
0.12283755838871002
0.13497963547706604
-0.0702870637178421
0.21921440958976746
-0.1567942202091217
-0.2072787880897522
-0.42838430404663086
0.08358845859766006
-0.22872920334339142
-0.1748986840248108
-0.10682716220617294
-0.067336305975914
-0.6467731595039368
-0.17545196413993835
0.3237694799900055
-0.7260621190071106
-0.19970054924488068
-0.08572777360677719
-0.28582310676574707
-0.03274431452155113
-0.0833621397614479
0.15775267779827118
0.1471158117055893
0.1814420074224472
0.5265672206878662
0.258050799369812
0.413196861743927
0.37916961312294006
0.1888771802186966
0.09839445352554321
0.09042654186487198
-0.1487012654542923
-0.18018102645874023
-0.8131188750267029
0.11952702701091766
-0.01775655336678028
-0.39786297082901
0.09149003773927689
0.2447509467601776
0.03241027519106865
-0.13182951509952545
0.3476431667804718
0.18026629090309143
-0.06498776376247406
0.0905342698097229
0.19759127497673035
-0.0445113480091095
-0.3064129054546356
-0.005409098695963621
-0.33333688974380493
-0.36944156885147095
-0.22399620711803436
0.06187665835022926
-0.2121468037366867
-0.016112063080072403
0.43507587909698486
0.13525153696537018
-0.053409330546855927
-0.47006526589393616
-0.7510730028152466
-0.4749906659126282
-0.6493266820907593
-0.9483688473701477
-0.3718571066856384
-0.9499443173408508
-1.7917211055755615
-0.12077654898166656
-0.09523788839578629
-0.3022853136062622
-0.49842679500579834
-0.12169976532459259
-0.407854825258255
-0.2543889582157135
-0.448316365480423
-0.49864891171455383
0.21241877973079681
-0.010405345819890499
-0.22543615102767944
0.4829855263233185
0.08756309747695923
0.15910713374614716
0.48685306310653687
-0.04058024287223816
-0.41107189655303955
-0.2965051829814911
-0.8051837086677551
-1.463002324104309
-0.8718988299369812
-1.1644428968429565
-0.8708379864692688
-0.28595077991485596
-0.1335480660200119
-0.17347392439842224
0.032169390469789505
0.17113693058490753
0.1618601679801941
0.31050217151641846
0.34465479850769043
0.3951083719730377
0.092659592628479
-0.21671734750270844
0.4366622269153595
0.06658491492271423
-0.18741384148597717
-0.26105818152427673
-0.10194430500268936
-0.10838798433542252
-0.17634905874729156
0.055707115679979324
0.3804186284542084
0.04212704673409462
0.058399736881256104
0.11079488694667816
-0.07599304616451263
0.23782292008399963
0.13575038313865662
0.018007222563028336
0.2539243698120117
0.18378792703151703
-0.49670499563217163
0.07051031291484833
0.3892419636249542
0.3887222409248352
0.6253804564476013
0.21862861514091492
0.15592704713344574
0.5164998173713684
-0.16078254580497742
-0.49585503339767456
-0.5364589095115662
-0.11517851054668427
0.2549099326133728
-0.2284175455570221
-0.47261667251586914
-0.0230602715164423
-0.26708438992500305
-0.28846001625061035
-0.18074725568294525
-0.011231040582060814
-0.043780617415905
-0.02677149511873722
0.1887093484401703
0.408340722322464
0.16167384386062622
0.24683788418769836
0.19647420942783356
-0.12318359315395355
-0.10008017718791962
0.29833894968032837
0.17596638202667236
0.2616015076637268
-0.033882029354572296
-0.733980655670166
-0.5998148918151855
-0.2143521010875702
-0.7227088212966919
-0.04691106453537941
-0.7576525211334229
-0.6401575207710266
-0.6726756691932678
-0.3121040165424347
-0.17456799745559692
0.16963616013526917
0.2099454700946808
0.21647219359874725
-0.14635741710662842
-0.2260337471961975
-0.15834882855415344
-0.06230495125055313
0.16356921195983887
0.30242106318473816
0.20891962945461273
-0.01623683236539364
-0.0014742111088708043
0.1837095022201538
-0.5144782662391663
-0.14229640364646912
-0.2345515638589859
0.09824657440185547
0.07144328951835632
0.149125337600708
-0.01036972738802433
0.1231037899851799
-0.07131020724773407
-0.038857750594615936
-0.0888030081987381
-0.13158100843429565
0.3677809238433838
0.11978702247142792
0.10260364413261414
0.29952412843704224
0.24800892174243927
0.1974721997976303
-0.2620869576931
-0.15015679597854614
-0.17188282310962677
0.01893538609147072
0.1203942596912384
-0.012637203559279442
0.11502718180418015
0.14407983422279358
-0.47341445088386536
0.023087987676262856
-0.09812282025814056
-0.0732329860329628
0.0858081504702568
-0.18576496839523315
0.27689841389656067
0.3607013523578644
-0.07195089757442474
0.012617590837180614
0.44823694229125977
0.6290197372436523
0.5388573408126831
0.49864235520362854
0.1495884209871292
0.13412846624851227
0.302257239818573
0.0218032319098711
0.11302802711725235
-0.12774509191513062
-0.00489477813243866
-0.08995836228132248
0.10912881791591644
0.19664521515369415
-0.08380567282438278
0.11243731528520584
0.20066134631633759
0.05744275823235512
-0.29469937086105347
0.01560654491186142
-0.19021961092948914
0.1300659030675888
0.19934925436973572
0.11376449465751648
0.11318362504243851
0.2233864963054657
-0.12211938947439194
-0.27157628536224365
-0.21644437313079834
0.01339129637926817
0.1766844242811203
0.24950294196605682
0.2491789162158966
0.11828300356864929
0.30172640085220337
-0.011467509903013706
0.26897820830345154
-0.0572931207716465
0.2434934377670288
0.1940184086561203
-0.6636813282966614
-0.32098084688186646
-0.23336781561374664
-0.331741064786911
-0.2994868755340576
0.11292514204978943
-0.011257330887019634
-0.3070164620876312
0.18133032321929932
-0.3573717772960663
-0.1873222142457962
-0.011539444327354431
0.24449846148490906
-0.17940786480903625
-0.5583074688911438
-0.6175118684768677
-0.10230816155672073
-0.5797078609466553
-0.13341392576694489
0.0978560820221901
-0.3334556221961975
0.11020874977111816
0.28941377997398376
-0.3303970396518707
-0.3031604290008545
0.010458862408995628
0.15001492202281952
0.18177945911884308
0.2997649312019348
0.14286932349205017
0.2526906728744507
0.0404210165143013
-0.23857811093330383
-0.15588371455669403
-0.15851837396621704
0.16100484132766724
0.1515101045370102
0.1256757378578186
0.09366796165704727
0.16578921675682068
-0.03221101313829422
0.11959201842546463
0.27047786116600037
0.23319314420223236
0.1314544677734375
0.19700810313224792
0.12615834176540375
-0.1737694889307022
-0.07776154577732086
0.12020093947649002
0.06941157579421997
-0.3434082567691803
-0.07627040147781372
-0.027327505871653557
0.018464231863617897
0.31169477105140686
0.48625314235687256
0.07039519399404526
0.14214518666267395
0.0534578375518322
0.08171798288822174
0.006077462341636419
-0.33183950185775757
-0.1516421139240265
0.14084666967391968
-0.45408913493156433
-0.10638263821601868
0.3606480658054352
0.3318556249141693
0.2221120148897171
-0.10817982256412506
-0.15080660581588745
-0.6193963885307312
-0.8330497145652771
-0.6936357021331787
-0.8219903111457825
-0.49124768376350403
-0.09203485399484634
-0.346973717212677
0.1425023078918457
-0.026482198387384415
0.1636306345462799
0.26987385749816895
0.10024317353963852
0.4527566134929657
0.12725961208343506
0.14231453835964203
0.30952000617980957
0.24513915181159973
0.25325679779052734
0.11664470285177231
-0.08033772557973862
-0.0904349610209465
-0.21144059300422668
0.1427091360092163
0.11705736815929413
0.5518946647644043
0.6764166355133057
0.4184604585170746
0.17880316078662872
0.11477666348218918
0.3014395236968994
0.17681807279586792
0.09912247210741043
0.4211740493774414
0.37550777196884155
0.13963527977466583
-0.059589311480522156
-0.38505634665489197
-0.19677187502384186
-0.03538694977760315
-0.6051048636436462
-0.29124897718429565
0.12364552170038223
0.08435188978910446
0.23495587706565857
0.14113011956214905
0.2667591869831085
-0.11458944529294968
0.03026849776506424
0.18585649132728577
-0.04439258947968483
0.12291944772005081
-0.00561678409576416
0.0014944701688364148
0.1901279240846634
-0.16159425675868988
0.2832770347595215
0.1587206870317459
-0.17969930171966553
-0.28722459077835083
-0.6748049259185791
-0.3781687617301941
0.07753083109855652
-0.39908352494239807
-0.5955101847648621
-0.22720906138420105
-0.5737882256507874
-0.5847753286361694
-0.5618780255317688
0.146919846534729
0.3691779673099518
0.1315470039844513
0.3766685426235199
0.02819976583123207
-0.283541738986969
-0.0854971706867218
-0.26942798495292664
0.17609207332134247
-0.062293458729982376
0.2734341025352478
0.10660642385482788
-0.042838312685489655
0.018703453242778778
-0.19585950672626495
0.07953266054391861
0.37231817841529846
-0.04571647569537163
-0.2674677073955536
-0.30772992968559265
0.1827746480703354
0.18224546313285828
0.3447876274585724
0.22526293992996216
0.14139756560325623
0.514501690864563
-0.14158976078033447
0.21988271176815033
-0.46602529287338257
-0.061126191169023514
0.5692107081413269
0.8053430914878845
0.8947629332542419
0.6552987694740295
0.7451010942459106
0.8028804063796997
-0.5277965068817139
-0.7464935779571533
-0.45582297444343567
-0.15938828885555267
0.028929565101861954
0.21692796051502228
0.5127367377281189
-0.05488978698849678
0.32500821352005005
-0.020130589604377747
0.06550946831703186
0.6879571676254272
0.22216485440731049
0.670259952545166
0.7346125841140747
0.4067273736000061
0.4668901264667511
0.21509182453155518
0.1738084852695465
0.39879345893859863
0.6506598591804504
0.5985631942749023
0.37004077434539795
0.020328210666775703
-0.08701127767562866
0.7030395865440369
-0.14162008464336395
-0.0070261708460748196
0.43380123376846313
0.5289221405982971
0.15618598461151123
0.9720752835273743
0.4198928475379944
-0.04423659294843674
0.6767330169677734
0.2303636521100998
-0.42138388752937317
-0.2909003496170044
-0.15142124891281128
-0.06834310293197632
-0.08400987088680267
0.015475011430680752
0.029250677675008774
0.41112419962882996
0.4910942018032074
0.23522883653640747
-0.16578882932662964
-0.1303650438785553
-0.19025568664073944
0.053477417677640915
0.00656554289162159
-0.1968892216682434
0.21617990732192993
0.1280045062303543
-0.20867210626602173
-0.29505643248558044
-0.34941309690475464
-0.024654880166053772
0.019463464617729187
-0.025716213509440422
0.09391510486602783
0.2745663821697235
-0.019098300486803055
0.020237866789102554
0.019818579778075218
-0.006962366867810488
-0.30294308066368103
-0.36514225602149963
-0.2501971125602722
0.06272836029529572
-0.036649689078330994
0.15112826228141785
0.16444946825504303
-0.4139308035373688
-0.8950247764587402
-0.5197184085845947
-0.5948408842086792
-0.8618340492248535
-0.691718578338623
-0.48358631134033203
-0.488313227891922
-0.19564273953437805
-0.23800161480903625
-0.1125844195485115
-0.09603825211524963
0.04686170443892479
-0.04257737845182419
0.11266069114208221
0.16059380769729614
0.11088723689317703
-0.060871317982673645
-0.34338611364364624
0.03816329687833786
-0.032350994646549225
-0.11744031310081482
0.04757711663842201
0.06044502183794975
0.22234682738780975
0.25075796246528625
0.15828178822994232
-0.2955852448940277
-0.1573788821697235
-0.0024784484412521124
-0.18572048842906952
-0.0743950605392456
0.0369504913687706
0.19760411977767944
0.35093334317207336
0.25001388788223267
-0.24142299592494965
-0.012867871671915054
0.07291674613952637
-0.5759193897247314
-0.038515184074640274
-0.36227038502693176
-0.7292279005050659
-0.6757842302322388
0.40731295943260193
-0.18002517521381378
0.13483019173145294
0.13143391907215118
-0.5172396898269653
-0.3127453625202179
-0.41394296288490295
-0.23298855125904083
-0.6603354811668396
-0.21908782422542572
0.1439768373966217
-0.06935559958219528
-0.020874207839369774
-0.028524694964289665
-0.08888686448335648
-0.03757133334875107
-0.2572591304779053
0.3099866509437561
0.3309268653392792
-0.3075149357318878
-0.41293448209762573
-0.0034121088683605194
-0.23839087784290314
-0.26961398124694824
0.005124757532030344
0.057870976626873016
0.2749441862106323
0.304391473531723
-0.3158826231956482
-0.26265808939933777
-0.09443915635347366
-0.07513900101184845
-0.10852591693401337
0.06927727162837982
-0.04457562044262886
0.19836050271987915
-0.10688988864421844
-0.3657742142677307
-0.00043256679782643914
0.4247753620147705
-0.1257149875164032
-0.19315074384212494
-0.1928773820400238
-0.19007986783981323
0.2612305283546448
0.053270529955625534
0.1335310935974121
0.34339210391044617
-0.1436401605606079
0.1469413936138153
-0.2421465516090393
-0.012559231370687485
0.06764505803585052
-0.19115784764289856
-0.0614958293735981
-0.42463254928588867
-0.34153735637664795
-0.01844353973865509
-0.1769896000623703
-0.012425141409039497
-0.016251225024461746
-0.5695153474807739
0.1700821816921234
0.32340261340141296
-0.46943020820617676
0.5206160545349121
0.5584046244621277
0.8175042867660522
0.3648793399333954
0.4336588680744171
0.08561726659536362
0.3583815097808838
0.30172398686408997
-0.25850826501846313
-0.2828556299209595
-0.31349605321884155
-0.15387195348739624
-0.3658803105354309
-0.30141958594322205
0.1747041642665863
0.21201515197753906
0.0735374465584755
-0.5770754814147949
-0.06746622174978256
-0.14462822675704956
0.1342075765132904
0.12431976944208145
0.0745617151260376
-0.21828803420066833
0.06442919373512268
-0.41078150272369385
0.07733571529388428
-0.4812747836112976
-0.46484097838401794
-1.1473205089569092
-0.6174878478050232
-0.2329034060239792
-0.4312688708305359
-0.347662091255188
0.20462319254875183
0.12887242436408997
0.01411066111177206
-0.06449476629495621
-0.5913994312286377
-0.013322376646101475
0.14433574676513672
-0.2052910029888153
-0.201365128159523
0.3438798785209656
-0.12846748530864716
-0.19157260656356812
-0.016376415267586708
-0.12052076309919357
-0.07416795939207077
-0.19919365644454956
0.14627084136009216
-0.16557419300079346
-0.1634414941072464
-0.23874406516551971
-0.4113646447658539
-0.40837931632995605
-0.5075214505195618
-0.11987563222646713
0.3146589994430542
-0.2281419187784195
0.1479775309562683
0.3187883198261261
0.018923629075288773
0.26685595512390137
0.2000354677438736
0.19609206914901733
0.14100846648216248
-0.40594348311424255
-0.4008703827857971
-0.02456904575228691
0.3301146626472473
-0.35673606395721436
-0.08407089114189148
-0.10440129786729813
0.36845293641090393
0.39042216539382935
0.14094962179660797
-0.1494387686252594
0.11384634673595428
-0.5631459951400757
-0.24697723984718323
-0.30997782945632935
0.0793890729546547
-0.26753878593444824
-0.2321556806564331
-0.2611480951309204
0.19507403671741486
-0.2515241205692291
0.06416753679513931
-0.2247314155101776
-0.25063374638557434
-0.23246003687381744
0.13883839547634125
-0.38896265625953674
-0.35323628783226013
0.1105058342218399
-0.22666941583156586
-0.10921662300825119
-0.2439732849597931
-0.0985313281416893
-0.3029438555240631
0.10994211584329605
-0.21283739805221558
-0.4853302538394928
0.11868995428085327
0.22094498574733734
-0.40508154034614563
0.27458885312080383