0.007461573928594589
0.09067323803901672
0.2647664248943329
0.09755337983369827
0.013587101362645626
0.479800283908844
0.11980250477790833
0.19826041162014008
0.21476513147354126
0.03435215353965759
0.0417744480073452
-0.0324200801551342
0.01741432584822178
0.007987024262547493
-0.0568682923913002
-0.0004758028080686927
0.042416758835315704
0.044407233595848083
-0.010857030749320984
0.2278539389371872
0.058188728988170624
-0.14691315591335297
0.17688047885894775
0.24289683997631073
0.11237264424562454
0.31394532322883606
0.13816609978675842
0.19143909215927124
0.27755460143089294
0.284066379070282
-0.049497079104185104
-0.001503234263509512
0.4249870479106903
-0.13708193600177765
0.0914955884218216
0.06133795529603958
-0.1313319206237793
-0.20701763033866882
-0.33915406465530396
-0.2410842925310135
-0.16611339151859283
-0.27468955516815186
-0.652714729309082
-0.16161461174488068
-0.324828177690506
-0.12119165062904358
-0.18265864253044128
-0.44785234332084656
-0.19377772510051727
-0.05587410926818848
-0.305393248796463
-0.4021954834461212
-0.09965594112873077
0.03358905762434006
0.30977943539619446
0.07834012061357498
0.13843627274036407
0.32060855627059937
0.15520313382148743
-0.06381423771381378
0.5369482636451721
0.1796167641878128
-0.1904052048921585
-0.021670473739504814
0.0783117339015007
0.023311689496040344
-0.033584125339984894
0.0636698305606842
-0.3144358694553375
-0.0019697013776749372
0.16315554082393646
-0.4522116780281067
-0.38385525345802307
-0.18109741806983948
-0.149489626288414
-0.29149776697158813
-0.27660709619522095
-0.38472995162010193
-0.19598598778247833
-0.0022218425292521715
-0.13933950662612915
-0.431670218706131
0.04210975393652916
0.007920490577816963
-0.09618137031793594
0.06492263078689575
-0.18598897755146027
0.1279752403497696
-0.17507998645305634
-0.15753260254859924
0.415515661239624
0.31573107838630676
0.4659065306186676
0.3196812868118286
0.09907229244709015
-0.32207271456718445
0.3362475335597992
-0.033297281712293625
-0.5558710694313049
0.04165349900722504
0.015252930112183094
0.032553065568208694
0.039701852947473526
-0.05362299829721451
-0.005537182558327913
0.026525694876909256
-0.0053361281752586365
-0.05554821714758873
0.4646281599998474
0.28038954734802246
0.03278558328747749
0.1415732055902481
0.2677823603153229
-0.4007503390312195
0.3916967809200287
-0.23205029964447021
-0.7153005003929138
-0.04359329864382744
-0.0623379647731781
-0.19048386812210083
0.050983067601919174
-0.008484097197651863
0.32913756370544434
-0.20193859934806824
0.11078794300556183
0.28108400106430054
-0.05401517078280449
0.009342902339994907
-0.022019311785697937
0.04914020374417305
0.03874601796269417
0.042806293815374374
0.023175716400146484
-0.006871369201689959
0.020484892651438713
-0.009260738268494606
0.43401578068733215
0.38644644618034363
0.3165126442909241
0.38937893509864807
-0.04855857416987419
0.08363771438598633
0.09345114976167679
-0.33839452266693115
0.021463394165039062
-0.008878739550709724
0.05267835408449173
-0.0366138257086277
-0.01015389896929264
-0.009976285509765148
0.023564521223306656
-0.0002739264164119959
0.0003889592189807445
-0.21215540170669556
0.017576800659298897
-0.039910875260829926
0.11079631745815277
0.017708923667669296
-0.1706920564174652
0.17788763344287872
-0.1474461853504181
-0.13897432386875153
0.024394258856773376
-0.04406462982296944
0.04873276874423027
-0.05228839069604874
0.04783836379647255
-0.01807502657175064
-0.03165001422166824
-0.0516897514462471
-0.04178966209292412
0.2292257845401764
-0.03053809329867363
-0.02628709189593792
0.08227143436670303
0.12912265956401825
0.0765109583735466
0.49388179183006287
0.26694008708000183
0.23744575679302216
-0.010429221205413342
-0.3914784789085388
-0.3027159869670868
-0.17942149937152863
-0.4456772208213806
-0.504942774772644
-0.3757990598678589
-0.18266142904758453
-0.2563905417919159
-0.07497332245111465
0.18322142958641052
-0.2941506505012512
-0.5233141779899597
-0.5154951810836792
-0.40725213289260864
-0.27223533391952515
-0.22269921004772186
-0.03699231147766113
-0.25618869066238403
-0.07979290187358856
0.2034814953804016
-0.4937422275543213
0.04798980802297592
0.2601998448371887
-0.2721844017505646
0.07894809544086456
0.1557987630367279
-0.05095186084508896
0.02627565898001194
-0.030148709192872047
-0.010805616155266762
0.017761889845132828
-0.05388482287526131
0.05629968270659447
0.027373360469937325
0.015242014080286026
-0.04138939082622528
0.005981236230581999
0.025644131004810333
0.015957651659846306
-0.22833256423473358
-0.21443480253219604
0.18655094504356384
0.09013517200946808
-0.13490767776966095
0.03463739529252052
0.05705053359270096
-0.44982126355171204
-0.45833730697631836
0.16018597781658173
-0.6023992300033569
-0.6455202698707581
-0.1188511922955513
0.08189120888710022
0.09178098291158676
-0.12914256751537323
-0.15702314674854279
0.2837282419204712
-0.10598219931125641
-0.17704324424266815
0.07234719395637512
0.13296999037265778
-0.14406059682369232
0.34648266434669495
0.5494587421417236
0.24543198943138123
0.47701188921928406
0.4039292335510254
0.07598285377025604
0.28408268094062805
0.13932901620864868
-0.17050950229167938
0.09030357748270035
0.16014891862869263
-0.01626046560704708
0.16935887932777405
0.115326888859272
-0.07796303927898407
0.31538644433021545
-0.20609579980373383
-0.08431552350521088
0.0812530443072319
-0.06551565229892731
0.14172714948654175
-0.005708265118300915
-0.20336779952049255
-0.08959123492240906
-0.1240677535533905
-0.047019507735967636
-0.41227632761001587
0.02569378726184368
0.27430158853530884
-0.04243454709649086
0.033503711223602295
-0.048059456050395966
0.23365913331508636
-0.038133248686790466
-0.03448572754859924
0.19996346533298492
-0.5180129408836365
-0.2514464855194092
-0.6417275071144104
-0.32150641083717346
-0.49620288610458374
-0.6952624917030334
-0.11763857305049896
-0.45347118377685547
-0.2870233654975891
-0.1803247481584549
-0.05052291974425316
-0.03275974467396736
0.1623867303133011
-0.33745577931404114
0.0061106388457119465
-0.4432828724384308
-0.3852538466453552
-0.14283904433250427
-0.071427121758461
0.04363543167710304
-0.04426479712128639
0.019891977310180664
0.00976138561964035
0.009238701313734055
-0.042001597583293915
0.011116870678961277
-0.05340078845620155
0.008331912569701672
0.05479184538125992
-0.253373384475708
-0.20572420954704285
-0.23582452535629272
-0.09262481331825256
0.23078449070453644
-0.12362635135650635
0.05686330795288086
0.6077983975410461
0.011454747058451176
0.021805603057146072
-0.022855572402477264
-0.34960439801216125
-0.19332720339298248
0.0054865735583007336
-0.09660106897354126
-0.055479567497968674
-0.1081405058503151
-0.3267119824886322
-0.25899264216423035
-0.0034243816044181585
-0.12731808423995972
-0.14504499733448029
-0.3189520537853241
0.23118580877780914
-0.1907622069120407
0.35235166549682617
0.10970868170261383
0.22686268389225006
0.44994446635246277
-0.1514313966035843
0.28936660289764404
0.45509055256843567
0.06842599809169769
-0.3021009564399719
-0.13100272417068481
-0.06141475588083267
0.12264354526996613
0.16696082055568695
0.19826452434062958
0.6464728116989136
0.49966666102409363
0.09338276833295822
0.24924452602863312
0.47493740916252136
-0.5273935198783875
-0.4776051640510559
-0.3696739673614502
-0.3420814275741577
-0.2582380771636963
-0.45639657974243164
-0.060265764594078064
0.37851259112358093
0.16164915263652802
-0.27264848351478577
-0.30253681540489197
0.15530870854854584
-0.15739576518535614
-0.2537073791027069
0.29929810762405396
-0.11754390597343445
-0.1682603657245636
-0.11911780387163162
-0.30293920636177063
-0.37585869431495667
0.03209567442536354
-0.3571222722530365
-0.09789201617240906
0.5305411219596863
0.06630346924066544
-0.12343121320009232
0.06331169605255127
-0.6472603678703308
-0.411319375038147
0.11747828125953674
-0.3408626914024353
0.11411692202091217
-0.06365925073623657
0.04742208495736122
0.1263793408870697
-0.25353434681892395
-0.052710410207509995
0.030452650040388107
0.017457323148846626
-0.046722203493118286
0.04252493381500244
-0.02919338084757328
0.05798294395208359
-0.045742783695459366
-0.03424075245857239
-0.6423132419586182
-0.1328348070383072
0.4744473099708557
-0.34682127833366394
0.5726059675216675
0.31131118535995483
-0.2619592547416687
0.2092098891735077
-0.06438088417053223
0.052273429930210114
0.02052178792655468
-0.03423496335744858
-0.14364971220493317
-0.14954873919487
0.17023158073425293
0.19166766107082367
0.026243146508932114
0.2333838790655136
0.03547392040491104
0.05248742178082466
0.028217490762472153
-0.04697664454579353
0.03174076974391937
0.03350182622671127
-0.012095696292817593
-0.0031787785701453686
0.02907736413180828
-0.4203060567378998
-0.7110891342163086
-0.15263965725898743
-0.4686259329319
0.11350574344396591
0.461239755153656
-0.4265967905521393
0.01736300066113472
0.07142902910709381
-0.008301833644509315
0.054184943437576294
0.058245833963155746
0.007081134244799614
-0.05151936784386635
0.016467828303575516
-0.032122205942869186
0.0011079703690484166
0.013042313978075981
-0.4336654543876648
-0.03848854824900627
0.19784915447235107
-0.21914532780647278
0.6607726812362671
0.6488970518112183
-0.11984842270612717
0.12351546436548233
0.3284144997596741
0.008751483634114265
-0.005185207352042198
0.04874304682016373
-0.050828803330659866
-0.01556544192135334
0.013259545899927616
-0.004684959538280964
0.01607329770922661
-0.05818357691168785
0.014522304758429527
0.22778066992759705
-0.1591976433992386
-0.31234148144721985
-0.12946836650371552
0.1552845984697342
-0.5593541264533997
-0.24863459169864655
-0.13408257067203522
-0.1590902954339981
-0.30228191614151
-0.39282092452049255
0.09258073568344116
-0.11175235360860825
-0.3743516206741333
0.20819908380508423
-0.11588384956121445
0.19875934720039368
-0.44249385595321655
-0.19362594187259674
0.12132716923952103
0.03684064745903015
-0.10250699520111084
0.30351242423057556
0.059404157102108
-0.0469571091234684
-0.08160668611526489
-0.0256417877972126
-0.2712140381336212
-0.5651320815086365
-0.39156293869018555
-0.12983651459217072
-0.19674384593963623
-0.19464845955371857
-0.226695716381073
0.2905292212963104
0.05360657721757889
0.053724151104688644
0.01783405989408493
-0.050293173640966415
0.012273604981601238
-0.006381194572895765
-0.0524139478802681
0.005828958470374346
-0.044479284435510635
0.09369608759880066
-0.11079475283622742
-0.0944419726729393
0.31460946798324585
-0.052101895213127136
0.14547178149223328
-0.2839614152908325
-0.20698140561580658
0.30299708247184753
-0.08807964622974396
0.08760731667280197
0.18527846038341522
0.0116354301571846
0.049550190567970276
0.26507166028022766
0.2573552429676056
-0.037140700966119766
-0.14526993036270142
0.19620256125926971
0.06850823014974594
-0.11939168721437454
-0.03151349350810051
-0.043213389813899994
0.12082763016223907
-0.25873634219169617
-0.25043413043022156
-0.007447359152138233
-0.18278993666172028
-0.5530095100402832
-0.14992870390415192
-0.4123450517654419
-0.2669660449028015
0.23711299896240234
-0.4449804127216339
-0.06023213639855385
-0.46210694313049316
-0.21954891085624695
-0.30492961406707764
-0.12549954652786255
-0.2249855399131775
0.001250196248292923
-0.11146370321512222
0.0529346838593483
0.09134938567876816
0.08903537690639496
0.09439641982316971
-0.34864938259124756
-0.18887697160243988
-0.06565116345882416
-0.045317381620407104
0.3455105423927307
-0.11017533391714096
0.2813274562358856
0.06132561340928078
-0.05827788636088371
-0.1117483377456665
-0.04749634116888046
-0.06870633363723755
-0.23612652719020844
-0.035674791783094406
-0.02164434641599655
-0.28182315826416016
-0.0661725178360939
-0.3672671914100647
0.009276185184717178
0.2403840869665146
-0.16561180353164673
0.12069282680749893
0.3047928810119629
0.1515873521566391
-0.019428472965955734
0.03564891219139099
0.3664150536060333