0.4912489354610443
-0.16721297800540924
0.26967474818229675
-0.22691278159618378
0.31743431091308594
0.032491713762283325
0.07585347443819046
-0.08123447000980377
-0.094291090965271
-0.16687799990177155
0.3350665867328644
0.17958706617355347
-0.6818827390670776
0.4739188849925995
0.8026981353759766
-0.11593417823314667
-0.04922084882855415
0.39046913385391235
0.6963658332824707
-0.009825771674513817
0.12829507887363434
-0.2573451101779938
0.4649291932582855
0.3153614401817322
0.5640776753425598
0.42640921473503113
0.5059986114501953
0.25440070033073425
-0.14517182111740112
-0.4513959586620331
0.15606683492660522
-0.05159605294466019
-0.3325647711753845
-0.21666741371154785
-0.32222747802734375
0.2585134208202362
-0.024747615680098534
-0.4656147360801697
0.03764999657869339
-0.45294785499572754
-0.373843252658844
-0.0990477129817009
-0.4236740171909332
-0.41972145438194275
-0.005792715586721897
-0.5104655027389526
-0.23896680772304535
0.10437509417533875
0.1308252364397049
-0.5007860660552979
-0.7160807847976685
-0.12563300132751465
0.8253815770149231
-0.6328850388526917
-0.003925020340830088
0.5376759767532349
-0.42875581979751587
0.21230711042881012
0.7699145674705505
0.15103323757648468
-0.5027133226394653
0.16379152238368988
0.25905078649520874
-0.018069494515657425
1.0484628677368164
1.3398492336273193
-0.11860691010951996
0.7492756843566895
0.9450538754463196
0.12845242023468018
0.490141361951828
0.13824576139450073
-0.5653576850891113
1.2749589681625366
0.988031268119812
0.1654455065727234
0.14821793138980865
-0.46533241868019104
-0.44401872158050537
0.3707248270511627