0.14016865193843842
-0.027761315926909447
-0.37877053022384644
0.12217926979064941
-0.1461033672094345
-0.14650464057922363
-0.06519922614097595
0.0021738994400948286
0.16760799288749695
-0.03961305692791939
0.02554798685014248
-0.053497444838285446
0.010345667600631714
0.04987355321645737
0.042947471141815186
-0.017611447721719742
0.03886575996875763
-0.033534735441207886
0.15971310436725616
0.20838315784931183
-0.008409898728132248
-0.05529652163386345
0.06024811416864395
-0.2194509208202362
0.1110624447464943
0.23920923471450806
0.13696981966495514
0.15723450481891632
-0.04916492477059364
-0.27782317996025085
0.003782296320423484
-0.09997887164354324
-0.2016226202249527
0.20608480274677277
-0.026613932102918625
0.05488045886158943
-0.3786372244358063
-0.21555253863334656
-0.21315529942512512
-0.12449098378419876
-0.36712053418159485
0.009882629849016666
-0.2084042876958847
-0.3507808446884155
-0.17614422738552094
0.17306113243103027
0.260519415140152
-0.24566727876663208
0.31686675548553467
0.09349210560321808
0.18583016097545624
0.24808549880981445
0.29962974786758423
-0.13722273707389832
0.08945813030004501
-0.2230496108531952
-0.4672155976295471
0.13119567930698395
-0.2603200674057007
-0.28274425864219666
0.23078684508800507
-0.22842338681221008
-0.6809995174407959
-0.48477211594581604
-0.4342903792858124
-0.42641595005989075
-0.2866942286491394
-0.4054201543331146
-0.5707095861434937
-0.11450424790382385
-0.2746015787124634
-0.4223328232765198
0.043814126402139664
-0.04632382467389107
-0.41365331411361694
0.08283611387014389
0.02842496894299984
0.2435973584651947
0.1252322494983673
0.13851429522037506
0.040938492864370346
-0.14515352249145508
-0.15071910619735718
-0.8024700284004211
0.12839654088020325
0.10437566041946411
-0.1295590102672577
0.16123764216899872
-0.22569876909255981
-0.07550875842571259
-0.26738443970680237
-0.5144351720809937
-0.20393133163452148
-0.2010674774646759
-0.3351370692253113
-0.24259917438030243
-0.06390523910522461
-0.23466432094573975
-0.5521802306175232
-0.005449299700558186
0.043140560388565063
-0.03609555959701538
0.0020744609646499157
0.015600178390741348
-0.03221474587917328
0.0014540944248437881
-0.05099539831280708
-0.021179858595132828
-0.45556724071502686
-0.24972942471504211
0.13672271370887756
-0.48752686381340027
0.5105785131454468
-0.2858383357524872
-0.20750367641448975
-0.2922883927822113
-0.38954806327819824
-0.039572034031152725
0.01958148367702961
0.09230490773916245
-0.09368754923343658
-0.059269778430461884
0.0008719291654415429
-0.09872317314147949
0.0716732069849968
-0.15783271193504333
-0.05311383679509163
0.002009547781199217
0.05839087814092636
0.01752638816833496
-0.001114833285100758
-0.002692642854526639
0.011907439678907394
0.012742102146148682
-0.00672387657687068
0.1258307844400406
-0.03288666531443596
-0.7421806454658508
0.2411675751209259
-0.11804298311471939
-0.4244811236858368
0.26117101311683655
-0.04304130747914314
-0.31740233302116394
0.008735320530831814
0.05820002779364586
-0.004211292136460543
-0.04693203419446945
-0.04639589786529541
-0.017286207526922226
-0.012219875119626522
-0.027598030865192413
-0.018168980255723
-0.2641732394695282
-0.2886146605014801
-0.04462801665067673
-0.446953147649765
-0.4403838813304901
-0.49894651770591736
-0.12126420438289642
0.05812671780586243
-0.2586248219013214
-0.043164078146219254
0.05179910361766815
0.028854047879576683
0.04211572930216789
0.046748582273721695
-0.021198339760303497
0.0049149757251143456
0.05676230788230896
-0.009714356623589993
0.20966605842113495
0.5223740339279175
-0.2981531620025635
0.5162894129753113
0.13047468662261963
0.17738714814186096
0.24319177865982056
0.003281467128545046
0.07851043343544006
-0.09573803097009659
-0.24245058000087738
-0.2759796679019928
0.10704180598258972
-0.46574464440345764
-0.4887887239456177
0.09819354861974716
-0.2905856966972351
-0.2721654176712036
0.026711877435445786
-0.06858164817094803
-0.2562660276889801
-0.02671222575008869
-0.09395944327116013
0.22793708741664886
-0.3710459768772125
-0.051089733839035034
-0.17254440486431122
0.0521511510014534
-0.08936087042093277
-0.48078086972236633
0.0549960620701313
0.21098580956459045
-0.399780809879303
0.20748072862625122
0.2960969805717468
-0.2555418312549591
-0.04678703472018242
-0.016645174473524094
-0.019828975200653076
0.013239076361060143
-0.006962575018405914
-0.049149610102176666
-0.026715194806456566
0.02417382411658764
-0.0033746419940143824
-0.2786167562007904
-0.1607455015182495
0.04452303424477577
0.07918167859315872
0.2550138235092163
0.08894164115190506
-0.2620641589164734
0.04906441643834114
0.13912518322467804
0.08372780680656433
0.3295823335647583
-0.23672570288181305
-0.12524764239788055
0.504170298576355
0.37022772431373596
0.06014854460954666
0.05313112586736679
0.07713745534420013
0.33865252137184143
0.08598224818706512
-0.08586415648460388
0.2101428210735321
0.07445850223302841
-0.049798790365457535
0.3320936858654022
0.22221672534942627
0.13689884543418884
0.06789188832044601
-0.26584863662719727
-0.27124500274658203
0.21298667788505554
-0.028361326083540916
-0.45120158791542053
0.3227000832557678
0.005044817458838224
-0.35170307755470276
0.005084443837404251
-0.10746774822473526
-0.4640503227710724
-0.13104532659053802
-0.0776454284787178
-0.8135083913803101
-0.07682309299707413
-0.2691161036491394
-0.5877898931503296
0.048498522490262985
-0.21405062079429626
-0.18375690281391144
0.10604581236839294
-0.13268646597862244
-0.44614923000335693
0.03973931819200516
0.04048099368810654
0.12345245480537415
-0.07565899193286896
-0.15138806402683258
0.3483634293079376
0.06728800386190414
0.11655221879482269
-0.025674445554614067
0.09537258744239807
-0.030060401186347008
-0.16330792009830475
-0.8350434899330139
-0.5362624526023865
-0.5219964385032654
-0.579922080039978
-0.4130483865737915
-0.3672255575656891
-0.2830410897731781
-0.1395675539970398
-0.19304707646369934
-0.10633144527673721
-0.023845911026000977
0.21016737818717957
-0.24799354374408722
-0.11459904909133911
-0.26197460293769836
-0.5586352348327637
-0.4142904281616211
-0.09388981759548187
-0.13594263792037964
-0.010779786854982376
0.043540239334106445
0.020813778042793274
0.01112599577754736
0.009599169716238976
-0.0406205840408802
0.008969158865511417
0.002176842652261257
0.05670756474137306
0.13877154886722565
0.11588136106729507
-0.4089147448539734
-0.4246796667575836
-0.5791231393814087
-0.19518022239208221
-0.6063210368156433
-0.20250046253204346
0.25351980328559875
0.16661566495895386
0.11341942101716995
-0.32949724793434143
0.08126798272132874
-0.30210959911346436
-0.27723681926727295
-0.3655332326889038
0.16900964081287384
0.2889280617237091
-0.23746226727962494
-0.2671677768230438
-0.4941778779029846
0.04348423331975937
-0.08155495673418045
-0.11556095629930496
-0.1868051439523697
0.09804510325193405
0.033951420336961746
-0.26135173439979553
0.037761978805065155
0.08492449671030045
-0.3143591284751892
0.1498691886663437
0.1862076073884964
0.04573516547679901
0.1786837875843048
0.0934552550315857
-0.29369646310806274
-0.3575272858142853
-0.2724612355232239
-0.3736358880996704
0.08196388930082321
0.23254606127738953
0.22821937501430511
0.4656081199645996
0.3964546024799347
-0.39651012420654297
-0.5587039589881897
-0.5175524353981018
-0.32011428475379944
-0.5759408473968506
-0.11151448637247086
0.0009909794898703694
-0.038157232105731964
0.016527051106095314
-0.5876345038414001
-0.41459032893180847
-0.14466546475887299
-0.48247256875038147
0.07129624485969543
0.3812977969646454
0.04898112267255783
0.17091962695121765
0.638086199760437
-0.34891000390052795
-0.14675754308700562
0.21309585869312286
-0.5545188188552856
-0.2059265524148941
0.10187115520238876
0.04383605718612671
0.3871421813964844
0.07170127332210541
-0.1167764812707901
-0.3606002628803253
-0.12831304967403412
0.09236287325620651
-0.15410740673542023
0.14751465618610382
0.43202242255210876
0.15949954092502594
-0.0188626516610384
0.03605625778436661
-0.05294635891914368
0.009663956239819527
0.006552521605044603
-0.03895466774702072
-0.030722348019480705
-0.026066821068525314
0.010828832164406776
0.019630301743745804
-0.0048760706558823586
-0.23347797989845276
0.004945880733430386
0.2048226147890091
-0.02443450689315796
0.27720561623573303
0.3381349742412567
0.3570263087749481
-0.005343189463019371
0.36678776144981384
0.17812690138816833
-0.01317975576967001
0.022574393078684807
-0.046002693474292755
-0.18551145493984222
0.021654359996318817
-0.18011416494846344
-0.058263249695301056
-0.048240628093481064
0.052870143204927444
0.0033014891669154167
0.013770407997071743
0.014710163697600365
-0.053846292197704315
0.03638855740427971
0.03647369146347046
0.012076610699295998
-0.30693957209587097
-0.6580163240432739
-0.11611998826265335
-0.30778422951698303
-0.12269368022680283
0.29106655716896057
0.3316947817802429
0.7481096982955933
0.6482930183410645
0.03573477640748024
-0.057775285094976425
0.014932755380868912
0.038406211882829666
-0.02237374521791935
-0.014046764932572842
0.013696454465389252
-0.014736687764525414
-0.02659335546195507
-0.35284143686294556
-0.11580688506364822
-0.326945036649704
0.02870643138885498
-0.08522165566682816
0.050395458936691284
0.18762750923633575
0.30909833312034607
0.04612897336483002
-0.056736260652542114
0.05231877788901329
-0.04050133377313614
-0.04239928722381592
0.03303096443414688
-0.027910539880394936
-0.008924487978219986
0.009697336703538895
0.03499384596943855
-0.08587658405303955
-0.2160775363445282
-0.10262568295001984
0.07022729516029358
-0.2879485487937927
-0.10502278059720993
-0.24369961023330688
-0.23462247848510742
-0.3280561566352844
0.026778876781463623
-0.27782291173934937
-0.243916317820549
-0.5773913264274597
-0.633125364780426
-0.33372771739959717
-0.8213804364204407
-0.47052931785583496
-0.02696606144309044
-0.4496903717517853
-0.09420813620090485
0.02692338638007641
-0.5210939049720764
-0.13254369795322418
0.3887563645839691
-0.16048263013362885
0.2522171437740326
0.449258029460907
-0.06391741335391998
-0.5432974696159363
-0.22646847367286682
-0.16088004410266876
0.08033018559217453
-0.15753880143165588
-0.08573531359434128
-0.20723755657672882
0.30116111040115356
-0.05384610593318939
-0.04698804020881653
-0.020008746534585953
-0.02432137355208397
0.022538617253303528
0.030748724937438965
0.016375217586755753
0.04396703839302063
0.002758890623226762
0.20027978718280792
-0.12063740193843842
-0.05814603343605995
0.03567308560013771
-0.16983596980571747
-0.10418321937322617
0.13322915136814117
-0.24373070895671844
-0.11986999958753586
-0.25200265645980835
-0.04578150808811188
0.21252357959747314
-0.359298437833786
-0.21259528398513794
-0.012022210285067558
-0.16155792772769928
-0.032560452818870544
0.1598808616399765
0.09498920291662216
-0.20805826783180237
-0.4293193817138672
0.03258776292204857
-0.5515047907829285
0.006355599034577608
-0.30692872405052185
0.2030080258846283
-0.008682576939463615
0.2741604149341583
-0.17450910806655884
-0.28400856256484985
0.0725085660815239
-0.018276581540703773
-0.057763904333114624
0.41030269861221313
0.02402476780116558
0.13065822422504425
-0.010951545089483261
0.04802004620432854
-0.46998342871665955
-0.11881691217422485
-0.2855040431022644
-0.3089033365249634
0.04629501700401306
-0.01965288072824478
0.14204101264476776
-0.5219545960426331
-0.564254105091095
-0.4138663113117218
-0.3108217120170593
-0.2806750237941742
0.003509980859234929
-0.07069597393274307
0.21264341473579407
0.2733604907989502
0.12788239121437073
-0.11418710649013519
-0.18537750840187073
-0.19529636204242706
0.07017029821872711
-0.11344430595636368
-0.12363368272781372
-0.2654794156551361
-0.23225881159305573
-0.4673028588294983
-0.08081034570932388
0.1189432218670845
-0.5407965183258057
-0.1569802314043045
0.36661896109580994
-0.09350933134555817
0.3537938594818115
0.4303634762763977
0.15368039906024933