-0.5247108340263367
0.4744410812854767
0.5705824494361877
0.13368195295333862
0.017947155982255936
0.31755760312080383
0.35846421122550964
-1.1177027225494385
0.06977782398462296
-0.724789023399353
0.40433767437934875
0.4635962247848511
-0.2774640917778015
-0.2717108428478241
-0.006084506865590811
0.1132216602563858
-1.1601125001907349
-0.2532763183116913
-0.25555354356765747
0.8441855311393738
0.20560753345489502
-0.2842443585395813
0.4969135820865631
0.12664324045181274
0.03500134125351906
-0.17055633664131165
-0.07943267375230789
-0.10287440568208694
0.2235381305217743
0.36695846915245056
0.04655861482024193
-0.19403766095638275
0.04174051433801651
0.3614043891429901
-0.7115926146507263
0.0388905368745327
-0.4101371765136719
0.3540264964103699
0.15555794537067413
-0.5922115445137024
0.1723736673593521
-0.03557216376066208
-0.7721104621887207
-0.016108715906739235
0.27939683198928833
-0.012523981742560863
0.009942790493369102
0.10130109637975693
0.02094944752752781
0.07084379345178604
0.11315202713012695
-0.04387043043971062
0.02695549838244915
0.11036638915538788
0.08595924824476242
-0.2664303481578827
-0.2073555886745453
-0.2115420699119568
-0.0913860872387886
-0.28798720240592957
-0.051333293318748474
-0.026276854798197746
-0.011740344576537609
0.040200185030698776
-0.010304819792509079
0.035461973398923874
0.055163685232400894
0.05648422986268997
-0.04054492339491844
0.025174874812364578
-0.047873854637145996
-0.03303800895810127
0.00909015629440546
-0.24510382115840912
-0.5994300246238708
-0.3578556478023529
-0.5570869445800781
-0.723089873790741
-0.5077573657035828
-0.15805105865001678
-0.32724839448928833
0.1570110321044922
0.09303583204746246
0.005973225925117731
0.06220994517207146
0.08000386506319046
0.008411122485995293
0.07143259793519974
0.09903786331415176
0.03882154822349548
0.003793128067627549
-0.14268633723258972
-0.14783070981502533
-0.31493183970451355
-0.008824502117931843
0.05866074189543724
0.05676399916410446
-0.05465863645076752
0.001548890140838921
-0.23809552192687988
0.09418591856956482
-0.411752849817276
-0.5407755374908447
0.008402971550822258
-0.496404230594635
-0.5121997594833374
-0.17616766691207886
-0.12782388925552368
0.4057431221008301
0.08682075887918472
-0.7552394866943359
-0.022327985614538193
0.38834965229034424
-0.43284982442855835
-0.2666628658771515
0.4623697102069855
-0.03543775901198387
0.02043214626610279
0.3259546756744385
-0.2966429889202118
-0.22245262563228607
0.4143621623516083
-0.2103884518146515
-0.2836121916770935
0.5809552669525146
0.0750759020447731
0.20039735734462738
0.23295173048973083
-0.04216490313410759
0.07194629311561584
0.21599693596363068
-0.06025205925107002
0.1485440731048584
0.27338647842407227
0.07624027132987976
-0.18774056434631348
0.14071273803710938
-0.07462714612483978
0.18338197469711304
0.24438044428825378
-0.11472802609205246
0.038055170327425
0.030198385939002037
-0.16823306679725647
-0.11538175493478775
0.5095272064208984
-0.44739243388175964
-0.07502040266990662
0.46901875734329224
-0.19899524748325348
-0.25222453474998474
0.549971878528595
0.17914582788944244
0.10666998475790024
0.16595491766929626
0.11076042056083679
0.13380064070224762
0.1827809065580368
0.1664140522480011
0.07417379319667816
0.13861249387264252
0.1964886486530304
-0.5197995901107788
0.4604506492614746
0.06869060546159744
-0.523461103439331
0.32794636487960815
0.07997667789459229
-0.7082874774932861
-0.27937600016593933
0.1476908028125763
-0.432714581489563
0.5567145943641663
0.31665122509002686
-0.1390639841556549
0.09189195185899734
0.37015679478645325
-0.18562744557857513
-0.27714335918426514
-0.11875133961439133
-0.058453112840652466
0.4906068444252014
-0.4588129222393036
-0.42833420634269714
0.42540204524993896
-0.16271287202835083
-0.5603125691413879
0.1041422113776207
0.04207691550254822
-0.038594670593738556
0.5278086066246033
-0.08411647379398346
-0.39969637989997864
0.34084680676460266
0.26441481709480286
-0.6636836528778076
0.43902724981307983
0.2983073592185974
0.056115031242370605
0.005356133915483952
-0.02831934578716755
0.039592672139406204
-0.02086455188691616
-0.00559580884873867
0.019841331988573074
-0.009735669009387493
-0.004866513889282942
-0.10142295062541962
0.48778772354125977
-0.046331584453582764
-0.2204214334487915
0.33822646737098694
0.09591025859117508
-0.5237966775894165
0.29011815786361694
0.4280339479446411
-0.2729572057723999
0.2998947501182556
0.17298473417758942
-0.176165372133255
0.04150089994072914
0.21698184311389923
-0.6583877205848694
-0.2870698869228363
0.2285155951976776
0.03239457309246063
-0.07432525604963303
0.09941482543945312
-0.08867191523313522
-0.04312998056411743
0.07146765291690826
-0.1706833392381668
-0.020750995725393295
0.21418465673923492
0.3429568111896515
0.42200541496276855
-0.5666444301605225
0.0035567982122302055
0.15573936700820923
0.03622301295399666
-0.17482730746269226
0.3129403293132782
-0.08255944401025772
0.407263845205307
0.12384232878684998
-1.299513816833496
-0.20923848450183868
0.47452104091644287
-0.7592252492904663
-0.25775203108787537
0.6158813834190369
0.04146556183695793
0.7499687671661377
0.44125381112098694
-1.035681962966919
0.6308826804161072
0.7886267900466919
-0.8915190696716309
0.3287612497806549
0.6345701813697815
-0.8644862771034241
-0.03177706524729729
0.028783144429326057
0.003253694623708725
-0.007269544526934624
-0.04445255547761917
0.052461545914411545
0.05440031364560127
0.04605991765856743
-0.01469313632696867
-0.07759428024291992
0.6300791501998901
-0.10380996763706207
-0.5864998698234558
0.44283539056777954
-0.16956813633441925
-0.7463898658752441
0.1851186454296112
0.17326924204826355
0.027059406042099
0.027898719534277916
0.0520903617143631
-0.04982510954141617
-0.07794445753097534
-0.021117474883794785
0.08127651363611221
-0.06603573262691498
-0.06282126158475876
-0.5788698196411133