-0.2547733783721924
-0.14031071960926056
0.15683744847774506
0.21761669218540192
0.04196834936738014
-0.2668581008911133
0.14113116264343262
-0.6115720868110657
0.024838749319314957
-0.49748820066452026
-0.1967599242925644
0.0342445895075798
-0.7243567109107971
-0.9415246844291687
-0.29960787296295166
-0.24159610271453857
-0.8110337257385254
0.06443342566490173
0.04482276737689972
-0.336439311504364
-0.6152179837226868
0.43596816062927246
-0.028273116797208786
-0.7064105868339539
-0.22852222621440887
0.02526414953172207
-0.31727689504623413
0.2134605348110199
0.2020513266324997
-0.8049811720848083
0.2502102553844452
-0.062425870448350906
-0.3539083003997803
0.09800722450017929
-0.586178183555603
-0.5580298900604248
0.2734910547733307
-0.3241560459136963
-0.19704028964042664
-0.03262452408671379
-0.06365982443094254
-0.42865803837776184
-0.4117377996444702
-0.2820684015750885
-0.04015866294503212
0.08056619763374329
0.07819575071334839
0.018880413845181465
0.07473105192184448
0.024182388558983803
0.022701488807797432
0.07351097464561462
0.053607359528541565
0.04541550949215889
0.32152271270751953
0.36012086272239685
0.1122475266456604
-0.15384571254253387
0.2554110288619995
0.3088427484035492
0.18636874854564667
0.11132470518350601
0.35952088236808777
0.0576816163957119
-0.04138036072254181
0.017658447846770287
-0.052288968116045
-0.017985789105296135
0.04261109605431557
0.012636433355510235
-0.025105908513069153
-0.005433508660644293
0.06548769772052765
-0.463527649641037
-0.3174586594104767
0.13714241981506348
-0.4394283592700958
0.26969459652900696
0.018864918500185013
-0.26444128155708313
-0.5520642995834351
0.06738656014204025
0.029139230027794838
0.08149836212396622
0.06835149228572845
0.0072157238610088825
-0.02292036823928356
-0.005240036174654961
0.018620746210217476
0.09573350846767426
-0.19382251799106598
-0.07163185626268387
0.0565633587539196
0.1756501942873001
0.03292681276798248
-0.008221433497965336
-0.11313661187887192
0.13240788877010345
-0.02690441720187664
-0.1128460094332695
-0.15951499342918396
0.13191160559654236
0.4340725243091583
0.015474747866392136
0.528652012348175
-0.12844908237457275
0.4392228424549103
0.24371099472045898
-0.12626908719539642
0.01301344484090805
0.7777130603790283
-0.08370120823383331
-0.002918108832091093
0.3289874494075775
-0.043540626764297485
-0.08205404132604599
0.3213804364204407
0.24642062187194824
-0.0034051176626235247
-0.13478940725326538
0.09175312519073486
-0.11248152703046799
0.2905438244342804
-0.6052343249320984
-0.48794683814048767
0.40387749671936035
0.08124317228794098
-0.07133717834949493
0.023368079215288162
-0.1320306956768036
-0.12965239584445953
0.09898797422647476
0.053609780967235565
-0.131552055478096
0.2006468027830124
-0.049992866814136505
-0.014188939705491066
0.004629941191524267
-0.07838790118694305
0.00283184670843184
-0.016608821228146553
-0.028760716319084167
-0.03495743125677109
0.05544448643922806
-0.648424506187439
-0.38218775391578674
-0.13458110392093658
-0.7563163638114929
-0.19723087549209595
0.27585452795028687
-0.5337817668914795
-0.6063456535339355
0.12764641642570496
0.0038421296048909426
0.03826284408569336
0.07766310125589371
0.10552521795034409
0.12562978267669678
0.030951395630836487
0.10468637198209763
0.07777363806962967
0.024145305156707764
-0.6245521306991577
-0.4919525682926178
-0.4282556474208832
-0.4343177378177643
-0.9768174886703491
-0.3860524296760559
-0.1449611634016037
-0.7620261311531067
-0.2596791982650757
-0.2713283598423004
0.08005049079656601
-0.13055872917175293
-0.07277154177427292
-0.03315882757306099
-0.5288534164428711
0.1991821974515915
-0.505651593208313
-0.1694088727235794
0.06456450372934341
-0.035506151616573334
-0.17545056343078613
-0.41085928678512573
-0.0933806374669075
-0.28378650546073914
-0.6088933348655701
-0.27273672819137573
-0.4559306204319
0.4967961311340332
0.07666201889514923
0.20167188346385956
0.07548884302377701
0.20318348705768585
0.0894433856010437
0.30076923966407776
0.4344184398651123
0.45908695459365845
-0.04573223739862442
-0.039895955473184586
-0.030507056042551994
-0.038360845297575
0.04719139263033867
0.05828016996383667
-0.0240116436034441
0.026105476543307304
0.036745764315128326
0.3121695816516876
-0.22775903344154358
-0.6993212699890137
-0.5032784938812256
-0.315430611371994
-0.36277806758880615
-0.43460652232170105
-0.1069510355591774
-0.5723435282707214
0.30974847078323364
0.20605185627937317
-0.34821072220802307
0.22836382687091827
-0.0988219752907753
0.16785216331481934
-0.49340200424194336
-0.18731357157230377
0.3968469500541687
0.14087164402008057
-0.027187420055270195
0.09886543452739716
-0.15717758238315582
-0.03961993381381035
0.08766672015190125
-0.1179489940404892
-0.09834877401590347
0.1745237112045288
0.3331078588962555
-0.6703231930732727
-0.0814460888504982
0.49315494298934937
-0.2241450846195221
0.2846825122833252
-0.06779119372367859
-0.4450662434101105
-0.011351993307471275
-0.7111690044403076
-0.38840600848197937
0.112815260887146
-0.6502255797386169
-0.10003993660211563
0.23947924375534058
-0.38048750162124634
0.2504352629184723
0.4639669954776764
0.26785045862197876
-0.07317716628313065
0.44104260206222534
0.19785331189632416
-0.004040147643536329
0.5666738748550415
-0.4665791094303131
0.1923149824142456
-0.038571521639823914
-0.017472917214035988
-0.05541578680276871
-0.007091818377375603
0.041695766150951385
0.04011167585849762
0.023370618000626564
-0.03511825203895569
-0.03327416256070137
0.0167299322783947
-0.26533952355384827
0.012525814585387707
0.39995187520980835
0.2489878237247467
0.4835771918296814
0.058696746826171875
0.16960258781909943
0.36055055260658264
-0.1231679692864418
0.0522085465490818
0.04169837757945061
-0.03938956558704376
0.0066536725498735905
0.025175785645842552
0.0012915951665490866
-0.0040419744327664375
0.017436543479561806
-0.04764784127473831
-0.08713383227586746