0.015428302809596062
0.6711984872817993
0.7081496119499207
-0.25200098752975464
-0.07899274677038193
0.3678658604621887
-0.46798014640808105
-0.6188161373138428
-0.3918592929840088
0.19514472782611847
0.7057034373283386
1.0669331550598145
-0.30813658237457275
0.07784511148929596
0.4463357627391815
-0.47054532170295715
-0.7290696501731873
-0.6590978503227234
0.39813801646232605
0.5741264820098877
0.7661308646202087
-0.0646204799413681
0.0285630002617836
0.26050516963005066
-0.3731018304824829
-0.6616268754005432
-0.4850819408893585
0.7768477201461792
-0.17821191251277924
0.07722637057304382
0.07350309193134308
-0.29280731081962585
0.027703726664185524
0.10829513520002365
-0.38418370485305786
-0.13067801296710968
-0.3911079466342926
0.22000178694725037
0.6780794858932495
0.5748791098594666
0.4098600149154663
0.8162127733230591
0.6196686029434204
-0.32487058639526367
0.2574591636657715
0.11926672607660294
0.010054013691842556
0.6789361834526062
0.4342881143093109
0.2891767621040344
0.5662232041358948
0.45471712946891785
-0.1365402638912201
0.050265684723854065
-0.012298273853957653
-0.6437105536460876
-0.44929665327072144
0.09123869240283966
0.34484997391700745
-0.7332409620285034
0.033611275255680084
0.3331325650215149
-0.588836133480072
0.2555679678916931
0.6684529185295105
-0.7773971557617188
0.16041086614131927
0.5568462014198303
-0.6691054105758667
0.2627134621143341
0.5714150071144104
-0.45963653922080994
0.10947848856449127
0.49182969331741333
-0.6283454895019531
-0.004981789272278547
0.5721749663352966
-0.6289317011833191
-0.05104624480009079
0.47397780418395996
-0.6212695837020874
0.030915789306163788
0.5741716623306274
0.7082144618034363
0.09793408215045929
-0.024104338139295578
-0.3253268003463745
0.04148006811738014
0.29834380745887756
-0.22904451191425323
-0.06224100664258003
-0.1104116439819336
-0.4468405246734619
0.4349995255470276
0.572833776473999
0.18138034641742706
0.24324865639209747
0.5841414332389832
0.27330538630485535
0.14908568561077118
0.10949879884719849
-0.19516220688819885
0.37502771615982056
0.33479419350624084
0.03217766806483269
0.4443899393081665
0.2583647072315216
-0.0760030448436737
0.20040565729141235
0.29024961590766907
-0.18644239008426666
-0.8023117780685425