-0.1613663136959076
0.4589306116104126
-0.5963720083236694
0.1209145039319992
-0.13305281102657318
-0.3643750846385956
-0.16677096486091614
-1.0172386169433594
0.010288153775036335
0.5334924459457397
1.170735239982605
-0.27388766407966614
1.0716608762741089
0.12395133078098297
-0.7345250844955444
0.13605690002441406
-1.6987857818603516
0.18627910315990448
0.16809223592281342
0.32881832122802734
-0.26654091477394104
0.24544617533683777
-0.1379977911710739
-0.3043057322502136
-0.18782523274421692
-0.513028085231781
0.22413665056228638
0.35529762506484985
0.5995116829872131
-0.4890994429588318
0.3209501802921295
-0.009407726116478443
-0.37139034271240234
-0.2758205533027649
-0.650681734085083
0.24355220794677734
0.6843851208686829
0.5518813133239746
-0.20041145384311676
0.31988364458084106
-0.8147127032279968
-0.0504654161632061
-0.5697519779205322
-0.23186635971069336
0.4675615727901459
0.015791909769177437
-0.02732084132730961
0.05249042436480522
0.09764910489320755
0.054061487317085266
-0.00777110131457448
0.07401236891746521
0.07644183933734894
-0.03130432218313217
0.08159646391868591
-0.09265502542257309
-0.2415732741355896
0.010014902800321579
-0.09575828909873962
-0.25464996695518494
-0.051855698227882385
0.22910946607589722
0.05177019163966179
0.0037551438435912132
0.01567404717206955
-0.03384581580758095
0.024474654346704483
0.01885896548628807
-0.012477202340960503
-0.02671581320464611
-0.021718671545386314
0.019541006535291672
0.5920926928520203
0.5374406576156616
-0.5766388773918152
0.7756504416465759
-0.3078726530075073
-1.0348323583602905
0.3902897536754608
-1.419235110282898
-0.5536240935325623
0.02941218763589859
-0.058717720210552216
-0.031641460955142975
0.05962309613823891
-0.06243143975734711
-0.06314477324485779
-0.05338751897215843
0.041280925273895264
0.027896698564291
-0.042161669582128525
-0.194130539894104
-0.11235829442739487
-0.3116304874420166
-0.28950056433677673
-0.3146113157272339
-0.010771451517939568
-0.16143514215946198
-0.17201100289821625
0.8045860528945923
0.8746843338012695
-0.4110053777694702
0.8713711500167847
0.056442320346832275
-0.7440232038497925
0.25016915798187256
-0.5294584035873413
-0.20903611183166504
-0.10738682001829147
-1.0684036016464233
0.16169393062591553
-0.9461286664009094
0.3028522729873657
0.29746773838996887
0.027949869632720947
0.7931681275367737
0.08070643246173859
0.41013485193252563
-0.8033479452133179
-0.0875946655869484
-0.5170667171478271
0.09466727823019028
0.3756978511810303
-0.11227095127105713
0.75829017162323
0.0031011528335511684
0.012306234799325466
-0.21288613975048065
0.043164655566215515
0.10807795077562332
0.013583472929894924
0.16386564075946808
-0.18060752749443054
0.03340469300746918
-0.07693716138601303
0.12428528070449829
-0.25795677304267883
-0.08149731159210205
0.09447375684976578
0.1309829205274582
0.06579297035932541
-0.024599771946668625
0.22853828966617584
0.038098275661468506
0.4888741970062256
-0.10591771453619003
-0.04783082753419876
-0.0940600335597992
-0.3410879969596863
-0.024457162246108055
-0.3420111835002899
0.1488504409790039
0.215265154838562
-0.05367390811443329
-0.08414076268672943
-0.14027443528175354
-0.059381503611803055
-0.04027243331074715
0.08156821876764297
0.16041666269302368
0.08020010590553284
0.0993032455444336
0.31648117303848267
0.3233594596385956
-0.7466247081756592
0.17311649024486542
-0.6797253489494324
-0.2776540219783783
-0.588300347328186
-0.5326645970344543
0.3737677335739136
0.43400585651397705
0.6738343834877014
-0.503914475440979
0.35570868849754333
-0.34321847558021545
-0.29441094398498535
-0.48437315225601196
-0.8965254426002502
0.5841335654258728
0.7386463284492493
-0.0842658206820488
-0.2835220396518707
0.07089120894670486
-0.6196537017822266
0.1106511801481247
-0.4630151689052582
0.036803752183914185
0.360524982213974
0.2863786220550537
-0.25531840324401855
-0.10528003424406052
-0.23397405445575714
-0.3891718089580536
0.13597390055656433
-0.3641476631164551
0.25406455993652344
0.3831382691860199
0.03934286907315254
0.048271458595991135
-0.05173347145318985
0.025724848732352257
-0.0070421271957457066
-0.0435301773250103
-0.017474321648478508
-0.00366558157838881
0.036159079521894455
0.5878863334655762
0.20792745053768158
-0.24649178981781006
0.15410786867141724
-0.5694331526756287
0.0686124712228775
-0.563846230506897
0.054891422390937805
0.3962830603122711
0.5097654461860657
0.608081579208374
-0.31988248229026794
0.4957273006439209
-0.8725069165229797
-0.04088154435157776
-0.6892976760864258
-0.2609362304210663
0.4220961332321167
-0.07702934741973877
-0.028113657608628273
-0.10337629914283752
-0.08170214295387268
-0.02090265043079853
-0.08033210784196854
-0.13375571370124817
-0.03847525268793106
-0.07583488523960114
0.052965741604566574
-0.6011590361595154
-0.12019970268011093
-0.22056782245635986
-0.04497777670621872
0.176151305437088
-0.22932547330856323
0.6637514233589172
0.21652495861053467
-0.058391887694597244
-0.6234477162361145
0.213312566280365
-0.9467118978500366
-0.07358508557081223
-0.019008267670869827
-0.2015782594680786
0.6749948263168335
-0.03960500657558441
0.8172737956047058
0.27694031596183777
-0.00017179119458887726
0.6444675922393799
-0.47578683495521545
-0.5073133111000061
-0.5389529466629028
-0.0628073439002037
-0.043764568865299225
-0.055978354066610336
-0.044340766966342926
0.00951370969414711
0.029201015830039978
0.033546410501003265
0.00270634051412344
0.05248327925801277
0.0521019846200943
0.011162291280925274
0.8283713459968567
0.11656984686851501
-0.17481639981269836
0.05017159506678581
-0.4261639416217804
0.09788965433835983
-0.38182222843170166
-0.1713314801454544
0.29257386922836304
0.05701160058379173
-0.011966808699071407
-0.038201987743377686
-0.013457617722451687
-0.03851321339607239
0.052746083587408066
-0.039731256663799286
-0.09752842038869858
0.04882335290312767
-0.5998953580856323