-0.33030515909194946
-0.5359528660774231
-0.4731253385543823
-0.42095714807510376
-0.3445166051387787
-0.10026327520608902
-0.642948567867279
-0.1130971685051918
0.11111749708652496
-0.6928848624229431
-0.691419780254364
-0.7410149574279785
-0.7301831245422363
-0.7746836543083191
-0.4408440887928009
-1.040490984916687
-0.3878442049026489
-0.214373379945755
-0.5554541349411011
-0.5634765625
-0.6143471002578735
-0.5572342872619629
-0.20700126886367798
-0.08395622670650482
-0.79792720079422
-0.47195765376091003
0.17209570109844208
-0.17256180942058563
-0.39226004481315613
-0.25211331248283386
-0.33000460267066956
0.024060377851128578
0.30198562145233154
0.031285662204027176
-0.16692043840885162
0.3783390522003174
0.11375570297241211
-0.16904041171073914
0.24034546315670013
-0.10403980314731598
0.26469457149505615
0.6788040995597839
0.40121692419052124
0.3852866590023041
0.4330281913280487
0.4237954318523407
-0.06451661884784698
0.22389793395996094
-0.2950502336025238
0.018936168402433395
0.3764194846153259
0.2918183207511902
0.09980952739715576
0.43053966760635376
0.4212546944618225
-0.3582710027694702
-0.8123009204864502
-0.12819169461727142
0.2841847240924835
-0.4362615942955017
0.09989137947559357
0.34940215945243835
-0.47589394450187683
0.07333321869373322
0.2779315710067749
-0.6658097505569458
0.3659404516220093
0.4903848171234131
-0.4997640550136566
0.3305823802947998
0.7814285755157471
-0.30832377076148987
0.46928831934928894
0.36124441027641296
-0.48932763934135437
0.15142157673835754
0.5523940324783325
-0.4023059904575348
0.23843856155872345
0.6248872876167297
-0.20849953591823578
0.3565957546234131
0.625989556312561
0.025648988783359528
-0.6887034773826599
-0.8323981165885925
-0.6702257394790649
-0.8308829069137573
-0.8915877342224121
-0.7690612077713013
-0.6247357726097107
-0.9874083995819092
-0.7294052243232727
-0.9781998991966248
-0.962571918964386
-1.0338785648345947
-0.9631986021995544
-0.8766474723815918
-1.1857812404632568
-1.1704927682876587
-1.155605673789978
-0.9987984299659729
-0.9668547511100769
-0.9212438464164734
-0.8770403265953064
-0.9594164490699768
-1.153576374053955
-0.8849726915359497
-0.8571764230728149
-0.9596177935600281
-0.9835154414176941
-1.5070881843566895