0.018278539180755615
-0.17374691367149353
-0.49449440836906433
0.2838100492954254
0.07233068346977234
-0.38258248567581177
0.7069540023803711
0.20039205253124237
-0.6039735674858093
0.2559674084186554
0.38113778829574585
0.27127155661582947
-0.08065195381641388
-0.089726522564888
-0.1911650449037552
0.2551896274089813
0.36118191480636597
-0.19844882190227509
-0.5120317935943604
0.25480520725250244
0.27454841136932373
-0.6676247119903564
-0.3387613892555237
0.5346255898475647
0.013711761683225632
-0.09913454949855804
0.015138969756662846
0.18062296509742737
-0.11075898259878159
-0.14988675713539124
0.14914457499980927
0.004616315942257643
0.0032758405432105064
0.32773011922836304
-0.21111418306827545
-0.5996647477149963
-0.07685952633619308
0.2026900053024292
-0.6722919344902039
-0.23780225217342377
-0.24713346362113953
-0.20010662078857422
-0.18734978139400482
-0.5970014333724976
-0.07774911820888519
0.006157435476779938
0.03580800071358681
-0.024470308795571327
-0.03967630863189697
0.02779971994459629
-0.006156754679977894
0.02952633984386921
0.04620765149593353
0.04033314436674118
0.23392388224601746
-0.019899556413292885
-0.13885624706745148
-0.1529463231563568
-0.22653210163116455
0.11147385835647583
0.02685021609067917
-0.11323490738868713
0.13526302576065063
0.02015729993581772
0.040467213839292526
-0.030958237126469612
0.041143450886011124
0.02692623808979988
-0.006314476020634174
0.026754938066005707
0.04451289400458336
0.049255259335041046
0.7727809548377991
0.15917880833148956
-0.7021968364715576
0.3603520095348358
0.8087401986122131
-0.8175143003463745
0.29720649123191833
-0.07945360243320465
-0.49946004152297974
0.057094328105449677
0.0716906487941742
0.10259702056646347
0.03563356027007103
0.03946000337600708
0.058440376073122025
0.0514700673520565
0.044270992279052734
0.09904716908931732
-0.15446999669075012
0.042690739035606384
-0.2748485803604126
-0.03979989141225815
-0.07039397209882736
0.07286164909601212
-0.0460202731192112
0.20768383145332336
0.08087659627199173
0.651140034198761
-0.1885100156068802
-0.7993866205215454
-0.4308628439903259
-0.1731022298336029
-0.44479721784591675
0.9669226408004761
-0.5484329462051392
-0.27815133333206177
-0.4564290940761566
-0.3878428637981415
-0.6835178732872009
-0.5456457138061523
-0.5085892677307129
-0.16656829416751862
-0.40653228759765625
0.2957085967063904
0.34059977531433105
0.32541748881340027
-0.932123601436615
-0.44399550557136536
-0.8089210391044617
-0.5296851992607117
-0.02423548698425293
-0.6396296620368958
-1.2839875221252441
-0.03873652592301369
-0.14907005429267883
-0.05261533334851265
0.14311426877975464
-0.08865465223789215
-0.1157313883304596
0.09316055476665497
-0.02687857113778591
0.03594094514846802
0.25257375836372375
0.08705547451972961
0.005237661302089691
-0.046550676226615906
-0.062487829476594925
-0.005318946670740843
-0.03240096941590309
-0.016864925622940063
-0.0026740683242678642
-0.03890060633420944
-0.45374661684036255
-0.5514490008354187
-0.8621193766593933
-0.34260669350624084
-0.03248171508312225
-0.4804137349128723
0.09374871850013733
-0.37651747465133667
0.004355339333415031
-0.010282207280397415
-0.052750714123249054
-0.0290185809135437
-0.031577106565237045
0.06842192262411118
-0.056613534688949585
-0.11783211678266525
-0.09101720154285431
-0.032428279519081116
-0.8783748149871826
-0.43352991342544556
-0.9113596081733704
-0.4135199189186096
-0.3301217555999756
-1.2314012050628662
0.046509645879268646
-0.7127030491828918
-0.5943753123283386
-0.28837019205093384
-0.6783599853515625
-0.5394537448883057
-0.7774783372879028
-0.5793386697769165
-0.3111421763896942
0.2181997001171112
-0.6336790919303894
-0.4489762783050537
0.04846455901861191
-0.18131054937839508
-0.5779244303703308
-0.21417322754859924
0.05510527640581131
-0.241646409034729
-0.33834463357925415
-0.7442371249198914
0.30825281143188477
-0.06962087005376816
-0.39506062865257263
0.21334227919578552
-0.6144490838050842
-0.49124762415885925
-0.41191843152046204
-0.2803567051887512
-0.6372898817062378
0.005727355368435383
-0.025424117222428322
-0.012525895610451698
-0.030208248645067215
-0.0583266019821167
0.03864244371652603
0.017912032082676888
-0.0185299813747406
0.011541479267179966
0.05399571731686592
-0.3603193759918213
-0.7623499035835266
-0.41223207116127014
-0.26591822504997253
-0.28015559911727905
0.0426420159637928
-0.5953363180160522
-0.023740513250231743
0.08575930446386337
-0.7170999646186829
-0.38118836283683777
-0.7235017418861389
-0.535922110080719
-0.05903364717960358
-0.6355998516082764
0.015917284414172173
0.6103038787841797
0.07465880364179611
-0.004939687438309193
-0.17797575891017914
-0.049968618899583817
-0.16683681309223175
-0.04491433501243591
-0.05986515060067177
-0.017990408465266228
-0.11344697326421738
-0.0006593550206162035
-0.3491763770580292
-1.0569509267807007
-0.071926049888134
-0.45615047216415405
-0.7727211117744446
-0.1139388233423233
-0.30101773142814636
-0.6847748160362244
0.5543496012687683
0.0058670942671597
-0.8627301454544067
-0.18815982341766357
-0.8755058646202087
-0.793584942817688
0.030917173251509666
-1.0928385257720947
-0.2386796772480011
0.08255702257156372
0.2854566276073456
-0.8143509030342102
-0.43312495946884155
-0.25949177145957947
-0.49425938725471497
-0.6838802099227905
0.2413637489080429
-0.23985475301742554
-0.31562790274620056
-0.02744046412408352
-0.026311511173844337
-0.019820546731352806
0.052645791321992874
0.01948217675089836
0.05659177526831627
-0.008853844366967678
-0.051487382501363754
0.03928423300385475
-1.4825876951217651
-0.7146432995796204
-0.7958739995956421
-0.6451678276062012
-0.24801528453826904
-0.5959697365760803
-0.655218780040741
-0.14935371279716492
0.03325120732188225
0.02213282696902752
0.036626338958740234
-0.014269654639065266
-0.011413385160267353
-0.030789397656917572
0.04623585566878319
0.043039120733737946
0.033545125275850296
0.03549916669726372
0.8849595785140991