-0.6544653177261353
-0.9345292448997498
-0.6450852751731873
0.19739289581775665
-0.018636617809534073
0.06881783902645111
0.5392088294029236
0.7321594953536987
0.7203335762023926
0.865394651889801
0.7385413646697998
0.41046270728111267
-0.07740581035614014
-0.326962947845459
-0.38648179173469543
-0.661784827709198
-0.7927405834197998
-0.3499402701854706
0.028436243534088135
-0.046399325132369995
0.08267289400100708
0.18972182273864746
-0.05730213597416878
-0.3503674268722534
0.03780684247612953
0.13863368332386017
0.5749000906944275
0.18294361233711243
0.0941527709364891
0.07377608865499496
0.18287445604801178
-0.3283434808254242
0.005671349354088306
-0.363945335149765
0.045922137796878815
0.21858623623847961
0.023409506306052208
0.11736388504505157
-0.09517346322536469
-0.32763662934303284
-0.48193517327308655
-0.3591901361942291
0.4110410809516907
0.38999566435813904
0.2927936017513275
0.014238272793591022
-0.06369681656360626
0.009303653612732887
-0.0034936913289129734
-0.015308339148759842
-0.006085725501179695
-0.007775434292852879
0.013727910816669464
0.004398244898766279
-0.09146430343389511
-0.4955231845378876
-0.5930140018463135
0.26558688282966614
0.18740704655647278
0.20703206956386566
0.20427468419075012
0.10368537902832031
0.49625489115715027
-0.004175811540335417
0.014651937410235405
0.04826333373785019
0.03777763247489929
0.01895204745233059
-0.04863376170396805
0.04061468318104744
0.0072700222954154015
0.0104267792776227
0.7490782141685486
0.34381186962127686
0.296079158782959
-0.22331079840660095
0.40107449889183044
-0.015963399782776833
-1.0292762517929077
-1.415978193283081
-1.642240285873413
0.03232626989483833
0.04868322238326073
0.024586910381913185
0.014894596301019192
-0.022419041022658348
0.03456437215209007
0.040637701749801636
-0.014324679039418697
0.041893333196640015
-0.18103593587875366
0.10163852572441101
0.015943769365549088
-0.1059006080031395
-0.17796285450458527
-0.1483965963125229
0.17687851190567017
0.03581957891583443
0.24018976092338562
0.7466928362846375
0.9829784631729126
0.5458113551139832
0.14184020459651947
0.13107991218566895
0.11894101649522781
-0.7580048441886902
-1.1556155681610107
-1.0698039531707764
0.03357088938355446
-0.17682640254497528
-0.571684718132019
-0.1002524197101593
-0.41511380672454834
-0.2551949620246887
0.02271924912929535
-0.15875303745269775
0.019200336188077927
-0.03796912357211113
-0.133791983127594
-0.25704601407051086
-0.46140772104263306
-0.28736594319343567
-0.12825481593608856
0.2449624240398407
0.3059065043926239
0.26656049489974976
-0.12079935520887375
0.22127526998519897
0.0979890450835228
-0.09527432918548584
0.01739686168730259
0.002725950675085187
0.14381371438503265
0.12468995898962021
-0.09251037240028381
-0.14866571128368378
-0.26194003224372864
-0.025392869487404823
0.07570634037256241
-0.032448798418045044
0.013081395998597145
0.04121365770697594
-0.013436652719974518
0.10030660033226013
-0.13626646995544434
-0.016678690910339355
-0.27703356742858887
-0.33872684836387634
-0.3065488338470459
-0.2650085985660553
0.4207608699798584
0.2491997927427292
0.47198882699012756
-0.06692428141832352
-0.12427816540002823
-0.04607165604829788
0.2731208801269531
0.023431016132235527
-0.018164150416851044
0.05171887204051018
0.11422643065452576
0.07993143796920776
-0.20085272192955017
-0.02636652998626232
-0.10389542579650879
-0.3321586549282074
-0.43706339597702026
-0.5981391668319702
0.07019416242837906
0.5799041390419006
0.5377598404884338
0.01610812544822693
-0.055090613663196564
0.12609681487083435
-0.09427759051322937
-0.23988184332847595
-0.3455818295478821
-0.02859869971871376
0.49759364128112793
0.4828341603279114
0.136012464761734
-0.06840058416128159
-0.16747291386127472
-0.40657708048820496
-0.3676731586456299
-0.3671053349971771
0.3284643292427063
0.36122941970825195
0.4059723913669586
-0.3658706247806549
-0.19660738110542297
-0.22581852972507477
-0.17897774279117584
-0.35205429792404175
-0.3215382397174835
0.4986799955368042
0.7703992128372192
0.680083692073822
0.031313199549913406
-0.04387064650654793
0.019168104976415634
-0.02502661570906639
0.021335775032639503
-0.05202474072575569
0.031613755971193314
0.016549233347177505
0.022818241268396378
0.023663196712732315
0.16268181800842285
0.12039592862129211
-0.38948220014572144
-0.4451269507408142
-0.2292221486568451
0.24382920563220978
0.21140623092651367
0.20941580832004547
-0.12310624122619629
0.2142636626958847
0.05226124823093414
-0.28754010796546936
-0.24582360684871674
-0.4564576745033264
0.25754138827323914
0.3492291569709778
0.25131461024284363
-0.02804957516491413
-0.14867937564849854
-0.04256036877632141
-0.07046686857938766
0.047155700623989105
-0.07952170073986053
-0.08064787834882736
-0.038304127752780914
0.0809028223156929
0.4993138015270233
0.08937811106443405
0.1853671818971634
-0.7011582255363464
-0.7352871894836426
-0.22408325970172882
0.21391963958740234
0.09601994603872299
0.04848523810505867
0.6205815076828003
0.47546014189720154
0.6304715871810913
-0.2786559760570526
-0.16381260752677917
-0.18196424841880798
-0.7362383008003235
-1.0988962650299072
-0.9740751385688782
0.8684937357902527
0.8635767102241516
0.4209834635257721
-0.2524438202381134
-0.03463466092944145
0.1880301833152771
-1.075701117515564
-1.1397383213043213
-1.0245023965835571
0.040912944823503494
0.0553620420396328
0.045612696558237076
-0.018135620281100273
-0.030872153118252754
0.016482185572385788
0.021497147157788277
0.03391082584857941
-0.05172962322831154
0.18163272738456726
0.5064914226531982
0.06947005540132523
-0.18846020102500916
-0.47521576285362244
-0.41232773661613464
0.1023838147521019
0.4663245379924774
0.5089108943939209
-0.0042494358494877815
-0.028010640293359756
-0.006215065252035856
0.006027301773428917
0.03124573826789856
0.04825686290860176
0.03364512696862221
-0.05658954754471779
-0.052992697805166245
-0.6145974397659302