0.7464778423309326
-1.3572824001312256
-0.2841520309448242
0.3371445834636688
-1.5654144287109375
-0.0008980027632787824
0.061764225363731384
-1.1540039777755737
0.12492693215608597
0.3112542927265167
-1.1462128162384033
-0.16810308396816254
0.22883707284927368
-1.541890263557434
0.04007181525230408
-0.0004839104658458382
-1.4059534072875977
-0.0035866533871740103
-0.20371045172214508
0.0375918485224247
0.251512348651886
-0.1435033231973648
-0.35903459787368774
0.1021437868475914
-0.023930659517645836
-0.13686685264110565
-0.11967209726572037
0.4453347325325012
-0.7103095650672913
0.14062216877937317
-0.1009763851761818
-0.03127467259764671
-9.707993740448728e-05
0.019025258719921112
-0.30333051085472107
-0.05138278752565384
-0.3409096598625183
-0.2817831039428711
0.6903530955314636
-0.4640304446220398
0.07340511679649353
0.8268663883209229
-0.4491960406303406
0.07962328940629959
0.5995067954063416
-0.0012066429480910301
-0.067803755402565
0.011036887764930725
-0.07860223203897476
-0.056399669498205185
0.10974303632974625
-0.04359527304768562
-0.07505559921264648
-0.001171872834675014
-0.23813273012638092
-0.3075322210788727
-0.3802807927131653
-0.06558451801538467
-0.28637683391571045
-0.49096062779426575
0.10389767587184906
0.23733410239219666
-0.19001393020153046
-0.025318462401628494
-0.02573103830218315
-0.04563653841614723
-0.015935730189085007
0.048166241496801376
-0.0532715730369091
-0.034559544175863266
-0.014602471143007278
0.01821698434650898
0.3859376013278961
-1.101042628288269
-0.21800369024276733
-0.8721335530281067
-1.2512476444244385
-0.30301815271377563
-0.570104718208313
-0.06272090971469879
0.48576077818870544
0.08412201702594757
0.003866524202749133
-0.05015958845615387
0.011214380152523518
0.010144189931452274
-0.01956557109951973
0.04028385505080223
0.1056838259100914
-0.09486924856901169
-0.03777404502034187
-0.23187412321567535
0.15244705975055695
0.07997647672891617
-0.05893709510564804
0.17557552456855774
-0.09709914773702621
0.028709184378385544
0.4223051071166992
0.15891219675540924
-0.7994972467422485
-0.3893819749355316
-0.30368760228157043
-0.6601242423057556
-0.030912775546312332
-0.7519084215164185
-0.3355935513973236
0.09269744902849197
0.2972899377346039
1.0601125955581665
0.31543686985969543
0.4330601394176483
0.6480398178100586
-0.2679212987422943
0.1754823625087738
0.3655102849006653
-0.29464519023895264
-0.704287588596344
0.4709004759788513
0.061981622129678726
-0.08560924232006073
0.17121003568172455
-0.094589464366436
-0.15177570283412933
0.21479839086532593
-0.43925169110298157
-0.14209340512752533
0.003427142510190606
0.1300850659608841
-0.18736790120601654
0.054455649107694626
0.14847302436828613
0.014702831394970417
0.22536230087280273
0.11680100113153458
-0.08163751661777496
0.09091454744338989
-0.10460702329874039
-0.12945997714996338
0.07257489860057831
-0.016111042350530624
-0.0860045924782753
0.0036715934984385967
-0.11841617524623871
-0.7093278169631958
-0.09669239819049835
0.6042033433914185
-0.6916053891181946
0.13020430505275726
0.4139821231365204
-0.6100250482559204
0.270426481962204
0.3814537525177002
-0.014126978814601898
0.021565210074186325
0.09209664165973663
0.09068641811609268
0.03335094451904297
0.04239705950021744
-0.15193581581115723
-0.0627034530043602
0.059019990265369415
-0.32320263981819153
-0.14081431925296783
0.5616436004638672
-0.4138783812522888
0.16634820401668549
0.4973231852054596
-0.16642679274082184
0.0042101130820810795
0.5408845543861389
0.14033131301403046
-0.45072394609451294
0.17474913597106934
0.3178945481777191
-0.3826792538166046
0.3944101631641388
-0.24833835661411285
-0.30723902583122253
0.22191287577152252
-0.6189314126968384
0.32939326763153076
0.5479639172554016
-0.6720184087753296
0.3131897747516632
0.4549575746059418
-0.7157710790634155
0.41822269558906555
0.3254755139350891
-0.6383885741233826
0.22721393406391144
0.4835941791534424
-0.3791571259498596
0.1574302762746811
0.2252371460199356
-0.32223406434059143
0.19505833089351654
0.329012006521225
0.053792838007211685
-0.02515774965286255
-0.02677900530397892
-0.05160370096564293
0.027979901060461998
-0.004456080961972475
0.02308000810444355
-0.05612960830330849
0.016674719750881195
-0.6572213172912598
0.2738148868083954
0.5055736899375916
-0.577038586139679
0.5435327291488647
0.3056292235851288
-0.3483485281467438
0.4512554407119751
0.31383442878723145
-0.27771079540252686
-0.23838195204734802
0.5780178308486938
-0.25348320603370667
-0.15027457475662231
0.5487186312675476
-0.3219397962093353
-0.08962316811084747
0.3897949457168579
-0.12438160181045532
0.011734351515769958
0.04101836681365967
2.840022716554813e-05
-0.08311696350574493
0.017099879682064056
-0.2759135961532593
-0.06318782269954681
-0.0560600720345974
-0.5043379068374634
0.3866059482097626
0.23154762387275696
-0.47635510563850403
0.5013253092765808
-0.021293194964528084
-0.7080562710762024
0.4749819040298462
-0.0064534456469118595
-0.152168869972229
0.8092023134231567
0.24234367907047272
0.02401692047715187
0.863706111907959
-0.07485813647508621
-0.02084692381322384
0.8538913726806641
-0.11493691802024841
0.03347394987940788
0.37314164638519287
0.046666618436574936
-0.7820034623146057
0.47617006301879883
0.17452067136764526
-0.15069055557250977
0.4977981746196747
0.030154675245285034
-0.048611678183078766
-0.052303966134786606
0.008376222103834152
-0.047678910195827484
0.018261900171637535
-0.0006363260908983648
-0.00011861528037115932
0.009786512702703476
-0.04079101234674454
-0.6779730916023254
0.010543536394834518
0.5521567463874817
-0.6373217701911926
0.17031541466712952
0.4576493203639984
-0.5560728907585144
0.290406197309494
0.654332160949707
-0.02227136120200157
0.053456224501132965
-0.01149030216038227
-0.011155936866998672
0.016909928992390633
-0.05688445270061493
-0.04225611314177513
-0.05125335976481438
0.009471571072936058
0.2928527295589447
-0.2547733783721924
-0.14031071960926056
0.15683744847774506
0.21761669218540192
0.04196834936738014
-0.2668581008911133
0.14113116264343262
-0.6115720868110657
0.024838749319314957
-0.49748820066452026
-0.1967599242925644
0.0342445895075798
-0.7243567109107971
-0.9415246844291687
-0.29960787296295166
-0.24159610271453857
-0.8110337257385254
0.06443342566490173
0.04482276737689972
-0.336439311504364
-0.6152179837226868
0.43596816062927246
-0.028273116797208786
-0.7064105868339539
-0.22852222621440887
0.02526414953172207
-0.31727689504623413
0.2134605348110199
0.2020513266324997
-0.8049811720848083
0.2502102553844452
-0.062425870448350906
-0.3539083003997803
0.09800722450017929
-0.586178183555603
-0.5580298900604248
0.2734910547733307
-0.3241560459136963
-0.19704028964042664
-0.03262452408671379
-0.06365982443094254
-0.42865803837776184
-0.4117377996444702
-0.2820684015750885
-0.04015866294503212
0.08056619763374329
0.07819575071334839
0.018880413845181465
0.07473105192184448
0.024182388558983803
0.022701488807797432
0.07351097464561462
0.053607359528541565
0.04541550949215889
0.32152271270751953
0.36012086272239685
0.1122475266456604
-0.15384571254253387
0.2554110288619995
0.3088427484035492
0.18636874854564667
0.11132470518350601
0.35952088236808777
0.0576816163957119
-0.04138036072254181
0.017658447846770287
-0.052288968116045
-0.017985789105296135
0.04261109605431557
0.012636433355510235
-0.025105908513069153
-0.005433508660644293
0.06548769772052765
-0.463527649641037
-0.3174586594104767
0.13714241981506348
-0.4394283592700958
0.26969459652900696
0.018864918500185013
-0.26444128155708313
-0.5520642995834351
0.06738656014204025
0.029139230027794838
0.08149836212396622
0.06835149228572845
0.0072157238610088825
-0.02292036823928356
-0.005240036174654961
0.018620746210217476
0.09573350846767426
-0.19382251799106598
-0.07163185626268387
0.0565633587539196
0.1756501942873001
0.03292681276798248
-0.008221433497965336
-0.11313661187887192
0.13240788877010345
-0.02690441720187664
-0.1128460094332695
-0.15951499342918396
0.13191160559654236
0.4340725243091583
0.015474747866392136
0.528652012348175
-0.12844908237457275
0.4392228424549103
0.24371099472045898
-0.12626908719539642
0.01301344484090805
0.7777130603790283
-0.08370120823383331
-0.002918108832091093
0.3289874494075775
-0.043540626764297485
-0.08205404132604599
0.3213804364204407
0.24642062187194824
-0.0034051176626235247
-0.13478940725326538
0.09175312519073486
-0.11248152703046799
0.2905438244342804
-0.6052343249320984
-0.48794683814048767
0.40387749671936035
0.08124317228794098
-0.07133717834949493
0.023368079215288162
-0.1320306956768036
-0.12965239584445953
0.09898797422647476
0.053609780967235565
-0.131552055478096
0.2006468027830124
-0.049992866814136505
-0.014188939705491066
0.004629941191524267
-0.07838790118694305
0.00283184670843184
-0.016608821228146553
-0.028760716319084167
-0.03495743125677109
0.05544448643922806
-0.648424506187439
-0.38218775391578674
-0.13458110392093658
-0.7563163638114929
-0.19723087549209595
0.27585452795028687
-0.5337817668914795
-0.6063456535339355
0.12764641642570496
0.0038421296048909426
0.03826284408569336
0.07766310125589371
0.10552521795034409
0.12562978267669678
0.030951395630836487
0.10468637198209763
0.07777363806962967
0.024145305156707764
-0.6245521306991577
-0.4919525682926178
-0.4282556474208832
-0.4343177378177643
-0.9768174886703491
-0.3860524296760559
-0.1449611634016037
-0.7620261311531067
-0.2596791982650757
-0.2713283598423004
0.08005049079656601
-0.13055872917175293
-0.07277154177427292
-0.03315882757306099
-0.5288534164428711
0.1991821974515915
-0.505651593208313
-0.1694088727235794
0.06456450372934341
-0.035506151616573334
-0.17545056343078613
-0.41085928678512573
-0.0933806374669075
-0.28378650546073914
-0.6088933348655701
-0.27273672819137573
-0.4559306204319
0.4967961311340332
0.07666201889514923
0.20167188346385956
0.07548884302377701
0.20318348705768585
0.0894433856010437
0.30076923966407776
0.4344184398651123
0.45908695459365845
-0.04573223739862442
-0.039895955473184586
-0.030507056042551994
-0.038360845297575
0.04719139263033867
0.05828016996383667
-0.0240116436034441
0.026105476543307304
0.036745764315128326
0.3121695816516876
-0.22775903344154358
-0.6993212699890137
-0.5032784938812256
-0.315430611371994
-0.36277806758880615
-0.43460652232170105
-0.1069510355591774
-0.5723435282707214
0.30974847078323364
0.20605185627937317
-0.34821072220802307
0.22836382687091827
-0.0988219752907753
0.16785216331481934
-0.49340200424194336
-0.18731357157230377
0.3968469500541687
0.14087164402008057
-0.027187420055270195
0.09886543452739716
-0.15717758238315582
-0.03961993381381035
0.08766672015190125
-0.1179489940404892
-0.09834877401590347
0.1745237112045288
0.3331078588962555
-0.6703231930732727
-0.0814460888504982
0.49315494298934937
-0.2241450846195221
0.2846825122833252
-0.06779119372367859
-0.4450662434101105
-0.011351993307471275
-0.7111690044403076
-0.38840600848197937
0.112815260887146
-0.6502255797386169
-0.10003993660211563
0.23947924375534058
-0.38048750162124634
0.2504352629184723
0.4639669954776764
0.26785045862197876
-0.07317716628313065
0.44104260206222534
0.19785331189632416
-0.004040147643536329
0.5666738748550415
-0.4665791094303131
0.1923149824142456
-0.038571521639823914
-0.017472917214035988
-0.05541578680276871
-0.007091818377375603
0.041695766150951385
0.04011167585849762
0.023370618000626564
-0.03511825203895569
-0.03327416256070137
0.0167299322783947
-0.26533952355384827
0.012525814585387707
0.39995187520980835
0.2489878237247467
0.4835771918296814
0.058696746826171875
0.16960258781909943
0.36055055260658264
-0.1231679692864418
0.0522085465490818
0.04169837757945061
-0.03938956558704376
0.0066536725498735905
0.025175785645842552
0.0012915951665490866
-0.0040419744327664375
0.017436543479561806
-0.04764784127473831
-0.08713383227586746