0.2927757799625397
0.3699710965156555
0.2334957867860794
0.29652929306030273
0.3295630216598511
0.20823191106319427
0.2084285169839859
0.5554764270782471
0.6980682015419006
0.5240504145622253
0.11679477989673615
-0.29526442289352417
0.43780022859573364
-0.25786855816841125
0.019979340955615044
0.22003301978111267
-0.036520615220069885
-0.6326597929000854
-0.19591817259788513
0.03843478113412857
0.2681032121181488
-0.20851978659629822
-0.11566337198019028
0.23716077208518982
-0.2652733623981476
-0.07040312141180038
0.20712174475193024
0.33027058839797974
0.25561589002609253
-0.051057565957307816
0.11998393386602402
0.06097904220223427
-0.4410598576068878
-0.08877324312925339
-0.24491095542907715
-0.04753858596086502
-0.06704533845186234
-0.22668929398059845
0.20091521739959717
-0.37278446555137634
-0.623513400554657
-0.43250924348831177
0.06856650859117508
-0.05210906267166138
-0.4941771328449249
-0.013306577689945698
0.06339212507009506
0.06742765754461288
-0.023087702691555023
0.00135514244902879
0.005105235613882542
0.04371115192770958
0.027979517355561256
0.01039154827594757
-0.21693022549152374
-0.18833333253860474
0.2824003994464874
0.21945145726203918
0.07616405934095383
0.09407548606395721
0.7579358816146851
0.5587893128395081
0.7480427622795105
-0.026320988312363625
-0.041154809296131134
0.05597648769617081
-0.04758428409695625
-0.034894444048404694
-0.039400532841682434
-0.023040642961859703
-0.0012146722292527556
-0.04752171039581299
0.5053496360778809
0.31938183307647705
0.3540043234825134
0.6366021633148193
0.4710600674152374
0.5981829166412354
0.19069194793701172
-0.6128275990486145
-0.7994821071624756
-0.04690484702587128
-0.09175906330347061
-0.10889977216720581
-0.03458463400602341
0.0022139514330774546
-0.08308330178260803
0.0068976907059550285
-0.006308875512331724
-0.014201373793184757
-0.053439605981111526
-0.1340913325548172
-0.5202653408050537
-0.1271798312664032
-0.034460827708244324
-0.03652695566415787
0.0476723350584507
0.07711826264858246
0.1087598130106926
0.795060932636261
0.0831858441233635
0.1657731682062149
0.20942360162734985
-0.1640845239162445
-0.4104916751384735
0.4484957456588745
-0.5176606774330139
-0.017869044095277786
-0.28535038232803345
-0.06391388922929764
0.07059770077466965
0.04070784151554108
0.10944010317325592
-0.42000624537467957
0.20062829554080963
-0.2288903295993805
-0.10831443220376968
0.4803101718425751
-0.822062611579895
0.0628519058227539
-1.1000189781188965
-0.7020914554595947
-0.3938393294811249
0.01536841131746769
-0.1905202716588974
-0.2760170102119446
-0.2560940384864807
-0.22669796645641327
-0.19241657853126526
-0.3770371079444885
-0.209674671292305
0.06058812513947487
-0.4045034348964691
-0.3432597219944
0.1532801240682602
0.03587360680103302
0.07943742722272873
-0.1815551072359085
-0.049685653299093246
0.01102238055318594
0.0038773734122514725
0.1441037803888321
-0.07151980698108673
0.10378216952085495
-0.18757688999176025
0.1925310641527176
-0.19663047790527344
-0.678409218788147
-0.6522009372711182
-0.4341239035129547
-0.5893091559410095
-0.8205009698867798
-0.5198880434036255
0.07609826326370239
0.16998955607414246
0.06598158180713654
0.05875120684504509
0.08728666603565216
0.01655789464712143
0.028064360842108727
0.07114575058221817
0.12559713423252106
0.3332117795944214
-0.09211266785860062
-0.3647248446941376
-0.32272592186927795
-0.31223082542419434
-0.34815117716789246
-0.21040911972522736
-0.2866770625114441
-0.4056614339351654
0.34115269780158997
0.1164107695221901
-0.9765740633010864
-0.3700709044933319
-1.1186202764511108
-0.8533098697662354
-0.5794184803962708
-0.7760283946990967
-0.3997894525527954
-0.19717879593372345
-0.6423923969268799
0.12923046946525574
-0.42699122428894043
-0.42065906524658203
-0.5919871926307678
-0.48521479964256287
-0.3700850307941437
-0.7885547280311584
0.2568594515323639
-0.3672933578491211
-0.27611827850341797
-0.07275813817977905
-0.056414324790239334
-0.5132061243057251
0.11791247129440308
0.38050541281700134
0.030455371364951134
-0.05741552636027336
-0.022149188444018364
0.05451290309429169
0.014462670311331749
0.047886189073324203
0.0324619859457016
0.022839931771159172
0.018411977216601372
0.00759762991219759
0.09740892052650452
-0.6626574397087097
-0.03443104773759842
-0.2858666777610779
-0.5637350082397461
-0.7582852244377136
-0.28345200419425964
-0.35569658875465393
-0.40579086542129517
0.37523409724235535
-0.2401980310678482
-0.5254369378089905
-0.13019710779190063
-0.12618151307106018
0.024074546992778778
-0.3728634715080261
-0.47277024388313293
-0.5984562039375305
0.0033697166945785284
0.04744382202625275
0.05269881337881088
0.1961514800786972
0.15038037300109863
0.022564448416233063
0.20053869485855103
0.10759859532117844
0.03312726691365242
-0.4441674053668976
0.026629609987139702
0.07090993970632553
-0.2221527099609375
-0.06727077066898346
0.3976484537124634
-0.05364054813981056
-0.32579901814460754
0.189287006855011
-0.8603904843330383
-0.3993086516857147
-0.07200206071138382
-1.1457127332687378
-0.5452356934547424
0.14904357492923737
-0.18098625540733337
-0.6940889358520508
0.3381005525588989
-0.12383323907852173
0.42859718203544617
0.7286543846130371
-0.12423421442508698
-0.27175626158714294
0.5611140727996826
-0.1953553855419159
-1.4093304872512817
-0.4476107954978943
0.0017120330594480038
-0.05161004513502121
-0.030714312568306923
0.008782279677689075
0.05251213535666466
0.0431758351624012
-0.047530919313430786
-0.03862101212143898
0.03987886384129524
0.6531811356544495
-0.14453525841236115
-0.5983303189277649
0.511274516582489
-0.006922073662281036
-0.5513457655906677
-0.2307276874780655
-0.44901248812675476
-0.2946924567222595
-0.0219345111399889
-0.03506825491786003
-0.016649309545755386
0.038093358278274536
-0.0372333861887455
-0.058423854410648346
0.007458371575921774
0.004342280328273773
0.11402206867933273
-0.09127024561166763