0.7577544450759888
-0.9575375318527222
0.09351489692926407
0.6183133721351624
-1.5167442560195923
0.3198319673538208
0.7980706095695496
-1.4318103790283203
-0.3722022771835327
0.6508140563964844
-0.9205505847930908
0.14015012979507446
0.6227710843086243
-0.4741154909133911
0.0599069781601429
0.5772212743759155
-0.7696035504341125
-0.22288043797016144
0.3569853901863098
-0.0025195307098329067
0.297439843416214
0.3591202199459076
0.004841797519475222
0.04373879358172417
0.21101145446300507
-0.19686740636825562
0.11137841641902924
0.27431607246398926
0.23859962821006775
0.06403089314699173
0.41416311264038086
0.19266700744628906
0.13308364152908325
-0.022706281393766403
-0.1714126020669937
-0.10275965929031372
-0.38204896450042725
-0.02257041074335575
0.37869149446487427
-0.5546211004257202
0.11816731095314026
0.3291318714618683
-0.5905188918113708
0.08477286249399185
0.46335849165916443
0.004592585377395153
0.06061546504497528
-0.001795052899979055
0.051274534314870834
0.05343807488679886
-0.021191084757447243
-0.10748420655727386
0.08293556421995163
-0.08237005770206451
-0.2837238609790802
0.1080741435289383
-0.06299790740013123
0.23901160061359406
-0.20500488579273224
0.032462142407894135
0.25920945405960083
0.037249621003866196
-0.11951127648353577
-0.02072921022772789
0.028018107637763023
-0.0234167892485857
0.036750949919223785
-0.0054800244979560375
-0.028819382190704346
-0.045914728194475174
0.035568490624427795
-0.025826556608080864
-0.6960079669952393
-1.3315414190292358
-0.5426614284515381
-0.6260863542556763
-1.7330517768859863
-1.148795485496521
-0.019877824932336807
-1.0204070806503296
-0.7829794883728027
0.04147211089730263
0.06832244247198105
-0.029727071523666382
0.03499264642596245
0.03513498976826668
-0.055436719208955765
0.04812826216220856
0.10468064993619919
-0.044265877455472946
-0.030172739177942276
-0.05753716826438904
-0.03677501901984215
-0.13454671204090118
-0.09786619991064072
-0.08266562968492508
0.22176843881607056
-0.011598408222198486
-0.04329861328005791
-0.7237814664840698
-0.641968309879303
-0.3855932652950287
-0.09602689743041992
-0.9941632151603699
-0.46415188908576965
0.27658316493034363
-0.713387131690979
-0.20157110691070557
0.10886884480714798
0.5497763156890869
-0.01617247983813286
0.2701590657234192
0.39374154806137085
0.08778084814548492
0.13651618361473083
0.6310371160507202
-0.05877334997057915
-0.04318811371922493
0.5200939178466797
-0.22084936499595642
-0.22676822543144226
0.3503102660179138
-0.08047591149806976
-0.10177243500947952
0.486215740442276
0.13011640310287476
0.034086983650922775
-0.06622811406850815
0.16584797203540802
0.17228710651397705
0.24865998327732086
0.009124379605054855
0.019706966355443
0.07934356480836868
0.09254796802997589
-0.17169146239757538
-0.16656996309757233
-0.06871011853218079
-0.0032573367934674025
-0.021633949130773544
-0.17763127386569977
-0.07008799910545349
0.12524724006652832
-0.22710321843624115
-0.2321365922689438
0.08396534621715546
0.09504592418670654
-0.33254608511924744
0.060648541897535324
0.14042283594608307
-0.15553367137908936
-0.16813312470912933
-0.025079136714339256
0.06314786523580551
0.017192797735333443
0.02955513447523117
-0.1305450052022934
0.07713675498962402
0.08669105917215347
-0.1559036672115326
0.16526620090007782
0.12339295446872711
-0.12346456944942474
-0.20112274587154388
-0.17925743758678436
-0.10920855402946472
-0.011921816505491734
-0.1879073530435562
-0.10177874565124512
-0.18920734524726868
-0.17966844141483307
0.393001914024353
-0.5178644061088562
0.16707924008369446
0.5762032270431519
-0.4354833960533142
0.11085650324821472
0.37778303027153015
-0.7024071216583252
-0.03547453507781029
-0.2766011655330658
0.17099638283252716
-0.025882478803396225
-0.4628445506095886
0.10562694072723389
-0.11349385231733322
-0.3909560739994049
-0.006968236993998289
-0.1434878557920456
-0.28478917479515076
-0.1621914803981781
0.32659003138542175
-0.11125919222831726
-0.10218755155801773
0.19822412729263306
-0.430220365524292
-0.21273331344127655
0.15967020392417908
0.015119599178433418
0.036509983241558075
0.051504459232091904
-0.015082460828125477
0.01927686482667923
-0.04223195090889931
0.00017561187269166112
0.05381891876459122
0.05623302981257439
-0.5516641736030579
-0.0547756589949131
0.23540142178535461
-0.25885865092277527
0.1264055222272873
0.34637871384620667
-0.3805064857006073
-0.049690473824739456
0.07032451033592224
-0.10139093548059464
0.0280595812946558
0.14336179196834564
-0.09015189111232758
-0.03996695205569267
0.028952164575457573
0.03039676696062088
-0.10577347874641418
0.3450043499469757
-0.052494581788778305
0.02919137105345726
0.13263843953609467
0.05810348689556122
0.0008182392921298742
0.05302292853593826
-0.04131106287240982
-0.04877285286784172
0.02101847715675831
-0.21136146783828735
0.6505206823348999
0.0694667175412178
-0.3084288537502289
0.6539039611816406
0.20477618277072906
-0.5174560546875
0.634635329246521
0.11925409734249115
-0.7069171071052551
0.6735162138938904
-0.15156202018260956
-0.6006376147270203
0.5384736061096191
-0.1144925206899643
-0.4680454730987549
0.7192474603652954
0.08887262642383575
-0.8192780613899231
0.7017568945884705
-0.1881663203239441
-0.987319827079773
0.4021138548851013
0.010854748077690601
-0.6281452775001526
0.232317715883255
0.09285958111286163
0.021047448739409447
0.016075601801276207
0.017559312283992767
0.05352110415697098
0.03500229865312576
-0.05693550407886505
-0.04945554956793785
-0.04199936240911484
0.03806404024362564
-0.5075579881668091
0.13195273280143738
0.14279484748840332
-0.4479284882545471
0.17993736267089844
0.11010666191577911
-0.29271844029426575
0.09380185604095459
0.16478201746940613
0.05500160530209541
0.016542864963412285
-0.027323909103870392
0.0016824847552925348
-0.037942539900541306
-0.0040061683394014835
-0.05220295861363411
0.014260516501963139
-0.03380630165338516
-0.6427790522575378
-0.9704837799072266
-0.7787022590637207
-1.1930514574050903
-0.6659058928489685
-0.7142141461372375
-1.430531620979309
-0.26267343759536743
-1.3397668600082397
-0.8102794885635376
0.05113183334469795
0.45933836698532104
0.08117403835058212
0.22946017980575562
-0.25773507356643677
-0.38554495573043823
-0.33010080456733704
-0.36817729473114014
-0.71233731508255
-0.6076491475105286
0.35359427332878113
-0.47941431403160095
-0.3071833848953247
-0.15922874212265015
-0.141473188996315
-0.20543190836906433
0.2850181460380554
0.001484380103647709
0.2009592205286026
-0.10531386733055115
-0.408236563205719
-0.2178153693675995
-0.35519281029701233
-0.43769150972366333
-0.11813829839229584
-0.24377550184726715
-0.6114755272865295
-0.35038185119628906
-0.004076682031154633
-0.3393230736255646
-0.16666528582572937
0.06256541609764099
0.3193567395210266
-0.04644695296883583
0.09813212603330612
0.5253019332885742
-0.018521694466471672
-0.014238376170396805
-0.025410298258066177
0.029450979083776474
0.03639940172433853
-0.03680666536092758
-0.03511514887213707
0.0313299186527729
0.06404483318328857
-0.2237069457769394
-0.14937825500965118
-0.32880738377571106
-0.1707543283700943
0.06211597099900246
-0.24272647500038147
-0.1901170164346695
0.017695900052785873
0.3270864486694336
0.0005947341560386121
-0.013935251161456108
-0.003981542773544788
-0.03399619460105896
-0.031627558171749115
0.05607902258634567
-0.031238218769431114
0.03709222003817558
0.029192276298999786
0.5074589252471924
0.4192383289337158
0.31524619460105896
0.22014614939689636
0.2139345407485962
-0.7282611727714539
-0.2473118156194687
-0.4194166660308838
-0.3800053596496582
-0.0381733775138855
-0.02394123002886772
-0.1082572489976883
-0.05144812911748886
-0.09035003930330276
-0.028851358219981194
-0.041745323687791824
-0.036750923842191696
-0.0841156393289566
0.26917919516563416
-0.19165851175785065
0.11055050045251846
0.047872982919216156
-0.07623927295207977
0.022176533937454224
0.12611180543899536
-0.21829365193843842
0.13198019564151764
0.23804740607738495
0.6116610169410706
-0.0019918703474104404
-0.0016621984541416168
-0.38695934414863586
-0.7356542944908142
-0.2859213352203369
-0.499198317527771
0.16425545513629913
0.02254554070532322
0.14377112686634064
0.06551086902618408
-0.2908829152584076
0.31881195306777954
0.06830238550901413
-0.02420310489833355
0.6491321325302124
0.23385657370090485
0.1783572882413864
-0.17515163123607635
0.08526010066270828
0.05827579274773598
-0.06656192988157272
0.02165111154317856
0.17615216970443726
0.3410257399082184
0.360819548368454
-0.16909946501255035
-0.12876580655574799
0.02149234712123871
-0.04137580841779709
-0.07017859071493149
-0.023187881335616112
0.03173241391777992
0.03772624582052231
0.1212276816368103
0.03242754936218262
-0.1489027589559555
-0.08368082344532013
0.04241180792450905
0.04035011678934097
0.0911262184381485
-0.0034264696296304464
0.03209375962615013
-0.007283546030521393
0.023109449073672295
-0.13485252857208252
-0.30009371042251587
-0.006806270685046911
-0.05191630497574806
-0.11804592609405518
-0.10536801815032959
0.5581717491149902
0.635253369808197
0.044882409274578094
-0.06955929100513458
-0.0721798837184906
-0.010948888957500458
-0.06667841225862503
-0.11717984080314636
-0.015429857186973095
0.020485730841755867
-0.023440362885594368
-0.16990232467651367
-0.12307083606719971
-0.04870697483420372
0.0046531124971807
-0.08443038910627365
-0.02107921801507473
-0.2867654860019684
0.07929981499910355
0.6295284032821655
-0.6241645812988281
-0.004296774975955486
-0.6595203876495361
-0.4811847507953644
-0.25714731216430664
-0.2060566246509552
-0.6759442090988159
-0.06005682796239853
-0.20211860537528992
-0.06859776377677917
0.07650414854288101
0.041579719632864
0.1404418796300888
0.1252354383468628
0.31553152203559875
-0.12006763368844986
0.5988401174545288
0.3880820572376251
-0.3781101703643799
-0.2671383321285248
-0.21454192698001862
-0.22132882475852966
0.13830333948135376
-0.011242284439504147
0.18595820665359497
0.18894194066524506
0.08874534070491791
-0.05819188058376312
0.040461473166942596
-0.01612323522567749
-0.05881819501519203
-0.017941998317837715
0.012600179761648178
-0.032329119741916656
-0.027632281184196472
-0.036233920603990555
-0.1036616787314415
0.19578230381011963
-0.06792278587818146
0.022508377209305763
-0.3143378794193268
-0.2476375699043274
0.1391705721616745
0.17713682353496552
0.008767029270529747
-0.08869974315166473
0.21695637702941895
0.11038874834775925
-0.1771879494190216
0.06726384907960892
-0.014719804748892784
0.1554698348045349
0.245512917637825
0.23623983561992645
-0.1509808748960495
-0.20935817062854767
-0.17249900102615356
-0.061087716370821
-0.17602328956127167
0.0206347294151783
0.004675364587455988
0.07318461686372757
0.0004143055703025311
-0.02101745270192623
-0.4495566189289093
0.2344217300415039
-0.4647272527217865
-0.018982483074069023
0.12684714794158936
-0.1604524552822113
-0.025614384561777115
0.11833829432725906
0.7885944843292236
0.1985587626695633
0.19850268959999084
0.372244268655777
-0.04740825667977333
-0.1479923129081726
0.5546932220458984
0.03184337913990021
-0.44701260328292847
0.7644957304000854
0.49321886897087097
0.4479157328605652
0.18907149136066437
-0.8511955738067627
-0.4930378198623657
-0.5568702816963196
-0.7987441420555115
-0.3865382969379425
-0.054725829511880875
-0.02374177612364292
0.036122336983680725
-0.04575151577591896
-0.036645736545324326
0.026143290102481842
0.05059567093849182
-0.031147174537181854
-0.0525500662624836
0.1811685562133789
0.05905531346797943
0.19202673435211182
0.6954171061515808
0.2670842409133911
0.20527704060077667
0.04600970819592476
0.2553652822971344
0.7827672958374023
0.04337148368358612
-0.05344650149345398
-0.03438309580087662
-0.012294517830014229
0.024916348978877068
0.04149243235588074
-0.007744645234197378
0.04777725040912628
0.015333542600274086
0.16072651743888855