-0.6742441654205322
-0.9104955792427063
-0.8614844083786011
-0.5722448825836182
-1.15098237991333
-0.5957327485084534
-0.8676134943962097
-1.1189559698104858
-0.9032465815544128
-0.482806921005249
-0.17519737780094147
-0.3166291117668152
-0.5112241506576538
-0.24372652173042297
-0.42919692397117615
-0.4486241042613983
-0.43867677450180054
-0.37642475962638855
0.18140196800231934
0.19825303554534912
0.08114176988601685
-0.04189310595393181
0.0790395736694336
0.06083044782280922
-0.04315919429063797
-0.05727628245949745
-0.08210451900959015
-0.25891488790512085
-0.20480531454086304
-0.2819260060787201
-0.41077983379364014
-0.48000919818878174
-0.1158839538693428
-0.4552207887172699
-0.16564510762691498
-0.2511010766029358
-0.026183931156992912
-0.04065684229135513
-0.29063186049461365
-0.04716628044843674
-0.042223066091537476
-0.1253107637166977
0.05720491707324982
0.040879927575588226
0.027621274814009666
0.09369432181119919
-0.034630000591278076
-0.02319450117647648
0.0008150850189849734
-0.039964836090803146
-0.09659263491630554
0.10374810546636581
-0.021247679367661476
-0.09512575715780258
0.28647688031196594
0.16741831600666046
0.060737866908311844
-0.009757918305695057
0.11114040017127991
-0.2361184060573578
-0.033644650131464005
-0.16417665779590607
-0.23639614880084991
-0.024243218824267387
0.03542032465338707
0.05322025343775749
-0.0078052943572402
0.00922706164419651
0.00702465046197176
0.03211093321442604
-0.050565335899591446
0.01418313104659319
-0.5852717161178589
-0.40555045008659363
-0.4267067313194275
-0.1270650178194046
-0.32600948214530945
-0.1653476506471634
-0.7321507334709167
-0.17924943566322327
-0.20390169322490692
0.058433134108781815
0.14375756680965424
0.033803630620241165
-0.013763493858277798
0.11681755632162094
0.09110953658819199
-0.0009542321786284447
0.054128021001815796
-0.003569600638002157
0.02013077773153782
0.19783847033977509
-0.0006730813765898347
-0.02347075194120407
0.11056356877088547
0.19979208707809448
0.019657818600535393
-0.07248219102621078
0.1563618779182434
-0.09276842325925827
0.014076457358896732
-0.25283652544021606
-0.242394357919693
-0.06443718820810318
-0.13090191781520844
-0.3059590756893158
0.048896174877882004
-0.23015503585338593
-0.49151402711868286
-0.38397884368896484
-0.5863099694252014
-1.0456218719482422
-0.4525463879108429
-0.6691687703132629
-0.8261471390724182
-0.5182957053184509
-0.5392217040061951
-0.023558789864182472
0.007280342280864716
-0.020515918731689453
-0.1655697524547577
0.12550292909145355
0.15131741762161255
-0.23983900249004364
-0.03577035292983055
0.010028718039393425
-0.1338435858488083
-0.03251102939248085
-0.08811938762664795
-0.04920467734336853
-0.02635355107486248
0.014829176478087902
-0.060892924666404724
-0.03807521611452103
-0.12221900373697281
0.08668836951255798
0.051062725484371185
-0.000870968506205827
0.05212753266096115
0.02211734466254711
-0.03165557235479355
0.1398642510175705
-0.014758981764316559
0.1456662267446518
0.11417988687753677
0.12587276101112366
0.29265254735946655
0.15888404846191406
0.06305708736181259
0.17112483084201813
0.10700561851263046
0.15509387850761414
0.19412197172641754
-0.06276080012321472
-0.05516164004802704
-0.09057807922363281
-0.06971926242113113
-0.0358833484351635
-0.08982310444116592
-0.009604519233107567
-0.016037559136748314
-0.02106369473040104
-0.22094227373600006
-0.07583692669868469
-0.3541254997253418
-0.1688900738954544
-0.15779370069503784
-0.17599156498908997
-0.2094724178314209
-0.07117538154125214
-0.2218416929244995
-0.5502676367759705
-0.2370113879442215
-0.5121999979019165
-0.2924111783504486
-0.18839198350906372
-0.7085180282592773
-0.5858149528503418
-0.13355349004268646
-0.5063289999961853
-0.24727919697761536
-0.3666430115699768
-0.354801744222641
-0.31122320890426636
-0.2520124018192291
-0.2642701268196106
-0.3278115689754486
-0.22854851186275482
-0.20359690487384796
-0.15547271072864532
0.024264246225357056
0.0013969787396490574
-0.1831580102443695
-0.0554727278649807
0.0030753191094845533
-0.17181842029094696
-0.12716001272201538
-0.058599263429641724
0.015321791172027588
0.04965845122933388
-0.03878100961446762
-0.025458592921495438
-0.005554617382586002
-0.014454332180321217
-0.04559339955449104
0.02825736254453659
0.03020414523780346
-0.150045707821846
-0.10318075865507126
-0.0016510419081896544
0.07484159618616104
0.03492031991481781
-0.051283661276102066
0.05325697362422943
0.08309788256883621
0.04815424233675003
-0.018045134842395782
0.007328827865421772
-0.016797972843050957
0.14950920641422272
-0.05025454983115196
-0.03308805450797081
0.05933324992656708
0.08090732991695404
-0.08427828550338745
0.07612673938274384
0.09904192388057709
-0.04804476350545883
-0.1079554334282875
0.06923207640647888
0.09055129438638687
-0.0007906564278528094
0.0006517698639072478
0.005610039923340082
0.12582330405712128
0.12939466536045074
-0.20623764395713806
0.02070510759949684
0.14704453945159912
-0.10782473534345627
0.1026129275560379
0.10593975335359573
-0.03506486862897873
-0.14493201673030853
-0.7273901700973511
-0.9625974297523499
-0.5626291036605835
-0.32045018672943115
-1.2711808681488037
-0.6370666027069092
-0.35777243971824646
-1.020106554031372
0.4471794366836548
0.044124096632003784
-0.13952521979808807
-0.1024707555770874
-0.05317433178424835
-0.396616131067276
-0.18784527480602264
-0.2379455268383026
-0.2654125392436981
0.049670785665512085
0.01394713670015335
0.012325474061071873
0.02688003145158291
-0.044298987835645676
0.027787115424871445
-0.001710649230517447
0.058263376355171204
0.04350150376558304
0.04999520257115364
-0.013192735612392426
0.09390686452388763
0.011137516237795353
0.010373042896389961
-0.10030942410230637
0.014784354716539383
0.2252964824438095
0.016266310587525368
0.014999785460531712
0.014305218122899532
0.0032680444419384003
0.040603477507829666
0.03401045873761177
-0.04701906815171242
-0.03436664864420891
-0.0702757015824318
0.045160211622714996
-0.03961162641644478