-0.3212379217147827
0.19570957124233246
-0.22456958889961243
-0.09569508582353592
0.017414579167962074
0.09903194010257721
-0.2129889279603958
-0.08717916160821915
-0.1729384809732437
0.262981116771698
0.6445791125297546
0.4422225058078766
0.3111427426338196
0.4877386689186096
0.3369200825691223
0.08141589164733887
0.5851680040359497
0.24637176096439362
-0.1306368112564087
0.36807796359062195
0.13416001200675964
0.19548405706882477
0.632190465927124
0.40751147270202637
0.25198203325271606
0.22777657210826874
0.09062691777944565
-0.40154239535331726
0.1778251677751541
-0.29084402322769165
-0.8643722534179688
0.6719392538070679
0.13375404477119446
-0.4460862874984741
0.9356166124343872
0.6346601247787476
0.08928319066762924
0.1153307780623436
-0.2634758949279785
-1.062557339668274
0.44309109449386597
-0.04226437211036682
-0.7244691848754883
1.122462272644043
0.322989821434021
-0.048032745718955994
0.37774744629859924
-0.3577459156513214
-0.8512930870056152
0.6084753274917603
0.04000166431069374
-0.4221614599227905
0.97969651222229
0.3897552788257599
-0.2521326541900635
0.7949751615524292