-1.0293116569519043
0.33447355031967163
0.4474833607673645
-0.40189260244369507
0.6842540502548218
0.09516280144453049
0.17817743122577667
0.14288432896137238
-0.6769330501556396
-0.6078572869300842
0.3310156762599945
0.34275078773498535
0.02198411338031292
0.20488601922988892
-0.2568354606628418
0.5873199701309204
0.2599871754646301
-0.8876141905784607
0.008468995802104473
0.2764951288700104
0.282478928565979
0.3504047691822052
0.10869859158992767
-0.5691238045692444
0.39531442523002625
-0.28609970211982727
-0.42826732993125916
-0.30385830998420715
0.5962202548980713
0.3008507490158081
0.233103945851326
0.5085880756378174
0.035729456692934036
0.28846582770347595
0.3962564468383789
-0.7814831733703613
0.2832619547843933
0.5942296981811523
-0.18442675471305847
0.31831470131874084
0.2831113636493683
-0.5810804963111877
0.3152846395969391
-0.1811918318271637
-0.8133867979049683
0.04296156018972397
0.007814206182956696
-0.03501399978995323
0.09880848228931427
0.09792595356702805
-0.025909138843417168
0.05177616700530052
0.02001430094242096
0.10194678604602814
0.23307758569717407
-0.10428321361541748
-0.01671375147998333
-0.13661760091781616
-0.25245776772499084
0.018343698233366013
-0.06951075047254562
-0.001793469418771565
-0.30360960960388184
0.011432037688791752
0.0009166588424704969
-0.05440845713019371
-0.03200294449925423
-0.04118700325489044
0.0022370354272425175
-0.006459952797740698
-0.0033349255099892616
-0.04527779668569565
-0.5367543697357178
0.8905590772628784
0.2630845904350281
0.20971116423606873
1.1271717548370361
0.08975110948085785
0.10044030845165253
0.5555241107940674
-0.5383188724517822
0.040305670350790024
0.00018263993842992932
-0.05772492662072182
-0.024624984711408615
0.02684844844043255
-0.023175830021500587
0.06742942333221436
-0.012158535420894623
0.010249150916934013
0.13208229839801788
-0.5103845596313477
-0.23982205986976624
0.018332134932279587
-0.0939004123210907
-0.37852683663368225
0.16699346899986267
-0.2486213594675064
-0.20252951979637146
-0.23385465145111084
0.6942014098167419
0.21572813391685486
0.021245457231998444
0.3680979013442993
-0.527306318283081
0.3920153081417084
0.1857180893421173
-0.6757529377937317
0.2336702048778534
-0.06814319640398026
-0.3082509934902191
-0.16649757325649261
-0.3929632008075714
-0.28881415724754333
-0.5337554812431335
-0.22013671696186066
0.45273998379707336
0.5184921026229858
-0.28933507204055786
-0.3785921037197113
0.3192717432975769
-0.5218782424926758
0.11691088229417801
-0.5206957459449768
-0.9118918180465698
0.10901912301778793
0.16617535054683685
-0.037195440381765366
-0.07143659144639969
0.22716839611530304
0.08213231712579727
0.11362523585557938
0.09836877137422562
0.052414119243621826
0.008256982080638409
0.05893990024924278
-0.17345815896987915
0.035762131214141846
-0.002881539287045598
0.08887411653995514
-0.1854039579629898
0.05361555144190788
0.0149037204682827
0.11887247860431671
0.5554879903793335
0.4980631172657013
-0.17736615240573883
0.41104817390441895
-0.008976990357041359
-0.5673867464065552
-0.005949852522462606
-0.6671252250671387
-0.10430335253477097
-0.07193739712238312
0.07232897728681564
0.06472127139568329
0.12955358624458313
-0.18248580396175385
-0.056614793837070465
-0.0007818416925147176
0.010207762941718102
-0.2266300618648529
0.09656810760498047
0.29006877541542053
-0.04010254517197609
0.1530812680721283
0.06171650066971779
-0.5100252628326416
0.28510528802871704
-0.23471936583518982
-0.6774938702583313
-0.07936594635248184
0.5886904001235962
0.34105247259140015
0.20705528557300568
0.2328186184167862
-0.3145357072353363
0.5972293615341187
-0.11154806613922119
-1.042646884918213
0.2690523862838745
0.40944886207580566
-0.27019229531288147
0.30142271518707275
0.13817746937274933
-0.5539272427558899
0.03705877065658569
-0.5613223314285278
-0.3851546347141266
0.40970492362976074
0.5081402659416199
-0.2787435054779053
0.5425713062286377
-0.009277940727770329
-0.17571167647838593
0.31744956970214844
0.016370488330721855
-0.2263549417257309
-0.04154932498931885
-0.0470346063375473
0.03454456105828285
0.04925011843442917
-0.006784659344702959
-0.05647365003824234
-0.04868253320455551
0.035636186599731445
-0.037240855395793915
0.18486745655536652
0.4941958785057068
-0.07215408235788345
0.1951492875814438
0.180515319108963
-0.10441721975803375
0.21250660717487335
-0.1806916445493698
-0.1929103583097458
0.21278133988380432
0.4888012111186981
0.071898452937603
0.2751849591732025
0.26583001017570496
-0.35842448472976685
0.22265993058681488
-0.0637727752327919
-0.8281800150871277
-0.06804468482732773
-0.12104610353708267
0.06032570078969002
-0.15435481071472168
-0.07501742243766785
-0.014026910997927189
-0.0029235512483865023
-0.04976857081055641
-0.11207447201013565
0.45035406947135925
-0.3951887786388397
-0.4470169246196747
-0.10258645564317703
-0.8071640729904175
0.188228577375412
-0.5005150437355042
-0.6227437853813171
0.5193304419517517
0.21041327714920044
-1.9459174871444702
-0.7746997475624084
-0.7447553277015686
-2.142531394958496
0.13022266328334808
-1.092545509338379
-1.3162673711776733
0.41820186376571655
0.0947103425860405
-0.19032229483127594
-0.33634644746780396
0.051559071987867355
-0.13096116483211517
-0.5424390435218811
-0.35289064049720764
-0.20181740820407867
-0.40502840280532837
-0.04030650109052658
-0.05181240662932396
0.01163798850029707
0.03553466126322746
0.012012758292257786
0.00528025534003973
-0.0511397086083889
0.00905828457325697
0.002748684026300907
0.41082659363746643
0.6952322125434875
-0.08022903650999069
0.3045600950717926
0.29781508445739746
-0.48385873436927795
0.24985717236995697
-0.3832482397556305
-0.45947250723838806
-0.03565950319170952
0.03317193314433098
-0.038375236093997955
0.07052300125360489
0.021543316543102264
0.016903460025787354
-0.003339610993862152
-0.03165831416845322
0.04821712523698807
-0.3940982222557068
0.029617395251989365
0.7272970080375671
-0.6695348024368286
-0.05128377676010132
-0.2635253071784973
-0.8983049988746643
-0.006949771661311388
-0.79184490442276
0.08665500581264496
0.3681355118751526
0.838847815990448
-1.4144036769866943
0.23747582733631134
-0.1720474511384964
-0.6683029532432556
0.0578828826546669
-1.8880720138549805
-0.04312339052557945
0.14058539271354675
0.4219381511211395
-0.6229257583618164
0.09619183838367462
-0.22397097945213318
0.2029733955860138
-0.050483494997024536
-0.725775957107544
0.5721372365951538
0.32011374831199646
0.7740936875343323
-0.5897496938705444
0.26695480942726135
-0.057379741221666336
-0.48026010394096375
-0.2422950565814972
-0.7648153305053711
0.4648338556289673
0.2405356764793396
-0.22220906615257263
-0.6316937804222107
0.2137441337108612
-0.5474731922149658
0.40026944875717163
-0.23889698088169098
0.04361184686422348
0.6757045388221741
-0.03575379401445389
-0.001624522963538766
0.06665327399969101
0.05347052961587906
-0.02045287750661373
0.006523164454847574
0.03411537781357765
0.08183660358190536
0.01331399381160736
0.06995322555303574
0.13014379143714905
-0.06403406709432602
0.1430382877588272
0.14578713476657867
0.248625248670578
0.11227244138717651
-0.03286771476268768
0.011857512407004833
0.009212682954967022
0.030768582597374916
0.013428007252514362
-0.011205337010324001
0.03172089159488678
-0.016162270680069923
0.01050970982760191
0.02867492474615574
-0.014246386475861073
0.6502984762191772
-0.3389332890510559
-1.6024281978607178
0.3399006128311157
-1.2973912954330444
-1.296593427658081
0.18787924945354462
-1.2777717113494873
-0.19824014604091644
-0.07493267953395844
0.10319391638040543
0.11339414119720459
-0.04335141181945801
0.07106725871562958
0.01635918579995632
-0.052144214510917664
-0.03710435330867767
0.01844184659421444
0.19371895492076874
0.1110370010137558
-0.1811908781528473
-0.05449865013360977
-0.1498960703611374
-0.014065503142774105
-0.031101645901799202
0.2604845464229584
0.1803697794675827
0.37158533930778503
0.037208858877420425
-1.0256754159927368
0.46426936984062195
-1.0659024715423584
-0.2559131383895874
-0.2909531891345978
-1.2054460048675537
0.5484197735786438
-0.3420557677745819
-0.23021046817302704
0.31740474700927734
-0.7866341471672058
0.574668824672699
0.3226257264614105
0.12759153544902802
0.7779412865638733
-0.05465192347764969
-0.3511402904987335
-0.6728149056434631
0.32428663969039917
-0.880668580532074
0.42833471298217773
0.3434527516365051
-0.23146949708461761
0.862189769744873
0.5358612537384033
-0.15991123020648956
-0.0564727783203125
0.07605737447738647
-0.07724011689424515
-0.1422806829214096
0.2281535565853119
-0.18723860383033752
-0.011729155667126179
0.330957293510437
-0.12680493295192719
0.1685483306646347
0.02997630275785923
0.032535746693611145
-0.1707109808921814
0.09845533967018127
0.11328424513339996
-0.04391707852482796
0.11246892809867859
-0.11414191871881485
-0.6841992139816284
-0.026614179834723473
-0.10605821758508682
-0.3018101751804352
0.5745486617088318
-0.26562023162841797
0.3667343556880951
0.5929120182991028
-0.15032367408275604
-0.057551681995391846
-0.02170085348188877
-0.16053083539009094
-0.1945594698190689
0.00445370189845562
-0.3108687698841095
-0.2559264302253723
-0.14006468653678894
-0.06103365495800972
-0.18564316630363464
-0.49415257573127747
-0.09398454427719116
-0.6344393491744995
0.15213297307491302
-0.375189870595932
-0.12947000563144684
0.8080066442489624
0.12325609475374222
0.6288333535194397
-1.0338187217712402
0.328450471162796
-0.32086536288261414
-0.3132067620754242
0.07610674947500229
-0.7512133717536926
0.5724805593490601
-0.13781145215034485
-0.8888043165206909
-0.2641715705394745
-0.47978079319000244
-0.2947210669517517
0.40035122632980347
-0.5099399089813232
0.1740618199110031
0.630829930305481
-0.08042553067207336
-0.5329245924949646
-0.1205398365855217
-0.2578817903995514
-0.22259880602359772
0.1112193614244461
-0.3702737092971802
0.3156144618988037
0.4574054777622223
-0.0417674221098423
0.05820411071181297
0.04262088984251022
-0.03845779970288277
0.013379650190472603
-0.007168975193053484
-0.03081822581589222
-0.04794969782233238
0.0024044846650213003
0.17909255623817444
-0.604221761226654
-0.5857198238372803
-0.12528125941753387
-0.581763744354248
0.24820014834403992
-0.1422225683927536
-0.15428629517555237
0.619814395904541
0.44783321022987366
0.04837483540177345
-0.4958241283893585
0.3936142325401306
-0.3735421597957611
0.24115057289600372
-0.09065499156713486
-0.48278725147247314
0.6568886637687683
0.16998155415058136
0.16626855731010437
-0.20626264810562134
0.08018854260444641
-0.03248782455921173
-0.12250770628452301
0.11635535955429077
-0.04561389610171318
0.0006116972072049975
-0.07625460624694824
-0.4323117136955261
0.257444828748703
-0.190031960606575
-0.04597628489136696
0.27183839678764343
0.034130726009607315
0.3735920488834381
0.1392611265182495
-0.19198547303676605
-1.0673271417617798
-0.46208468079566956
-0.6363310217857361
0.009813309647142887
0.2905515432357788
-0.6896653771400452
0.6519428491592407
0.42571312189102173
0.23961609601974487
-0.7261567115783691
-0.9530974626541138
0.39092737436294556
-0.9074597954750061
-0.5765647292137146
-0.19863153994083405
0.0551779642701149
0.14164066314697266
0.04344886913895607
0.03514086827635765
0.019762208685278893
-0.04558603838086128
-0.013936972245573997
-0.0065134791657328606
0.0028424325864762068
0.016316723078489304
0.03337067365646362
0.4274826943874359
-0.5856276154518127
-0.16265438497066498
0.1512928009033203
-0.48367539048194885
0.37869295477867126
-0.24005438387393951
0.1425093710422516
0.7095498442649841
-0.03417367488145828
0.03300172835588455
-0.04267692193388939
-0.03111647255718708
-0.051107704639434814
0.029374105855822563
-0.06684868782758713
0.043214961886405945
-0.033530909568071365
0.061354152858257294