-0.05356540530920029
0.06061932072043419
0.18567219376564026
-0.007319399155676365
-0.10240530967712402
0.09894565492868423
0.2996920645236969
0.23265406489372253
0.05328484624624252
-0.29461026191711426
-0.27741876244544983
-0.29070788621902466
-0.10264714062213898
-0.40505701303482056
0.08668185025453568
-0.0006106842192821205
0.06986062973737717
-0.10956231504678726
-0.5618679523468018
-0.22070468962192535
0.0811612606048584
-0.3372703492641449
-0.2090536504983902
0.1370716691017151
-0.24944695830345154
-0.010063405148684978
-0.07481963187456131
0.4453256130218506
-1.0726720094680786
-0.9240211248397827
-0.7156514525413513
-0.6055929064750671
-0.8160068988800049
-0.8357847929000854
-0.5056241750717163
-0.7301154136657715
-0.792593240737915
-1.3054559230804443
-0.7357398867607117
-0.751732587814331
-0.7470188140869141
-0.9772817492485046
-0.839921236038208
-0.46542179584503174
-0.6219975352287292
-0.9221830368041992
-1.375593900680542
-1.0462924242019653
-0.9567470550537109
-0.9126840233802795
-1.0406297445297241
-0.896268367767334
-0.8043158650398254
-0.6966187953948975
-0.9938472509384155
-1.1747639179229736
-0.7547016739845276
-0.48959267139434814
-0.29200634360313416
-0.7179452180862427
-0.4874989986419678
-0.23565039038658142
-0.43984806537628174
-0.055577244609594345
0.08494264632463455
-0.9455941915512085
-0.5807492733001709
-0.2947181165218353
-0.6568814516067505
-0.36519238352775574
-0.2013321816921234
-0.1690995991230011
-0.13813725113868713
0.21438847482204437
-1.1692535877227783
-0.994266927242279
-0.4812124967575073
-0.908499002456665
-0.5449194312095642
-0.297558456659317
-0.2817651629447937
-0.2210138887166977
0.23006875813007355
0.015506920404732227
0.7724189162254333
0.43528956174850464
-0.25671204924583435
0.5097064971923828
0.174600288271904
-0.771690309047699
-0.0780397430062294
-0.3084492087364197
-1.0071070194244385
1.0315148830413818
0.6288884282112122
-0.3899116814136505
0.6747785210609436
-0.07624663412570953
-0.7144032120704651
0.26554444432258606
-0.5058239698410034
-1.163094401359558
1.0039751529693604
0.676657497882843
-0.30651041865348816
0.6551558375358582
0.13069219887256622
-0.49915897846221924
0.2703733742237091
-0.37653249502182007
-0.9012722373008728
0.6501826047897339