-0.17821191251277924
0.07722637057304382
0.07350309193134308
-0.29280731081962585
0.027703726664185524
0.10829513520002365
-0.38418370485305786
-0.13067801296710968
-0.3911079466342926
0.22000178694725037
0.6780794858932495
0.5748791098594666
0.4098600149154663
0.8162127733230591
0.6196686029434204
-0.32487058639526367
0.2574591636657715
0.11926672607660294
0.010054013691842556
0.6789361834526062
0.4342881143093109
0.2891767621040344
0.5662232041358948
0.45471712946891785
-0.1365402638912201
0.050265684723854065
-0.012298273853957653
-0.6437105536460876
0.09793408215045929
-0.024104338139295578
-0.3253268003463745
0.04148006811738014
0.29834380745887756
-0.22904451191425323
-0.06224100664258003
-0.1104116439819336
-0.4468405246734619
0.4349995255470276
0.572833776473999
0.18138034641742706
0.24324865639209747
0.5841414332389832
0.27330538630485535
0.14908568561077118
0.10949879884719849
-0.19516220688819885
0.37502771615982056
0.33479419350624084
0.03217766806483269
0.4443899393081665
0.2583647072315216
-0.0760030448436737
0.20040565729141235
0.29024961590766907
-0.18644239008426666
-0.8023117780685425