-0.22616304457187653
-0.256274551153183
-0.11791462451219559
-0.158687561750412
0.11220209300518036
0.23480910062789917
0.039876531809568405
0.16671757400035858
0.40079426765441895
0.09751147776842117
0.5086156129837036
0.13485616445541382
-0.017006123438477516
0.29492607712745667
0.021052055060863495
-0.0029077643994241953
0.1335761845111847
0.011049306951463223
0.10453696548938751
0.4270870089530945
0.2453535795211792
0.21758362650871277
0.22862567007541656
0.18697671592235565
0.3845376670360565
0.2322620153427124
-0.3068433403968811
-0.42874398827552795
0.17958827316761017
0.14688636362552643
0.0884038656949997
0.11948809027671814
0.38936713337898254
0.22378306090831757
0.31141775846481323
-0.22688671946525574
0.16320352256298065
0.6628413200378418
-0.3426359295845032
0.24372826516628265
0.3784272074699402
-0.4932354986667633
0.24082332849502563
-0.5007283687591553
-0.9168450832366943
-0.0551685206592083
-0.0583140030503273
-0.07762975990772247
-0.0870114415884018
-0.0304469782859087
-0.0516388975083828
-0.05691300332546234
0.03943154960870743
-0.014457612298429012
0.018570968881249428
-0.28697967529296875
-0.29586246609687805
-0.04666198417544365
-0.5814215540885925
-0.3714686930179596
0.14554975926876068
-0.07929140329360962
0.40810781717300415
0.05444841831922531
-0.007030916400253773
-0.046680107712745667
0.044182900339365005
-0.05623181164264679
-0.022908639162778854
0.02374490164220333
-0.017587557435035706
-0.0408635139465332
-0.7259043455123901
0.16488978266716003
-0.11676929891109467
0.09775853157043457
0.8134317994117737
0.026514310389757156
-0.3822321593761444
0.1402156502008438
-0.1450340896844864
-0.13674525916576385
-0.0763552188873291
0.024997342377901077
-0.061450663954019547
0.09010237455368042
0.026202496141195297
0.02644120715558529
0.015073208138346672
0.02225254662334919
-0.006368361879140139
0.11774963140487671
-0.13462504744529724
-0.0854153260588646
0.14252527058124542
0.12535130977630615
-0.3815624713897705
0.08820753544569016
-0.05083748325705528
0.18553175032138824
0.012369046919047832
-0.25376394391059875
0.4062829315662384
0.3056257963180542
-0.5575913190841675
0.414108008146286
0.2739909887313843
-0.24688121676445007
-0.0445508137345314
-0.49606072902679443
-0.4189806282520294
-0.3984076976776123
-0.47921836376190186
-0.3135584592819214
-0.5395758152008057
-0.7298766374588013
-0.49370047450065613
0.4709104299545288
0.059998705983161926
-0.40284764766693115
0.20817741751670837
-0.1000799760222435
0.1723388433456421
-0.4130517244338989
-0.5599490404129028
-0.16569837927818298
0.22495774924755096
0.10306639224290848
-0.279180645942688
0.22326213121414185
0.15382839739322662
-0.08338258415460587
0.30196812748908997
-0.07355785369873047
-0.034709349274635315
-0.04863357171416283
0.20619216561317444
0.17471985518932343
0.2838843762874603
0.1633082777261734
0.04512462392449379
0.08570241183042526
-0.0983218178153038
-0.10650073736906052
0.15693239867687225
0.09348854422569275
-0.7042816281318665
-0.013733459636569023
-0.1859530210494995
-0.5244576334953308
0.17368847131729126
-0.5684687495231628
-0.9201009273529053
-0.10107430815696716
0.02249329723417759
0.033672068268060684
0.06790294498205185
-0.1228535994887352
-0.03779178857803345
-0.04762069135904312
0.04149119555950165
0.04974668473005295
-0.1549137830734253
0.27288010716438293
-0.09459605067968369
-0.1986154466867447
0.10343921184539795
-0.4165692925453186
-0.23820926249027252
-0.07109576463699341
-0.8420593738555908
0.07954106479883194
0.31584471464157104
0.28570756316185
-0.17615866661071777
0.16251902282238007
-0.18597373366355896
-0.06627117842435837
0.08873741328716278
-0.5888030529022217
0.5087458491325378
0.207853302359581
-0.6404005289077759
0.13936974108219147
-0.1243448555469513
-0.6767104864120483
0.3079163432121277
-0.6099243760108948
-1.0348751544952393
0.20961417257785797
0.061394378542900085
-0.19771070778369904
0.25157320499420166
0.016832072287797928
-0.4863571226596832
0.20121973752975464
-0.05588609725236893
-0.4328365921974182
0.04037049412727356
-0.04007166251540184
0.051956430077552795
0.014477534219622612
-0.03227104991674423
0.025059862062335014
-0.03939203917980194
-0.04545537754893303
0.04660820588469505
0.3524071276187897
0.2187180072069168
-0.5516392588615417
0.36902934312820435
0.016242660582065582
-0.7142584919929504
0.22165384888648987
-0.3329221308231354
-1.0334360599517822
-0.03285333886742592
0.5487735867500305
-0.28708213567733765
0.1156889945268631
0.17301875352859497
-0.5914346575737
0.07283126562833786
-0.020541304722428322
-0.9776049852371216
-0.07782656699419022
-0.052203066647052765
0.0009284908883273602
0.093437060713768
-0.08778935670852661
-0.12319229543209076
-0.04727642983198166
-0.15122166275978088
0.04226230829954147
0.6821220517158508
-0.4548453688621521
-0.19187842309474945
0.09395639598369598
-0.6099765300750732
-0.6247731447219849
-0.025690879672765732
-0.8500922322273254
-0.32291385531425476
0.27695631980895996
-1.4891997575759888
-0.6913996338844299
0.12236523628234863
-1.1811473369598389
-0.35197824239730835
-0.3879079818725586
-1.5884802341461182
-0.310980886220932
0.21889221668243408
-0.5211396813392639
-0.43038132786750793
-0.030898205935955048
-0.2996494770050049
-0.3486817181110382
-0.2595002353191376
-0.5023097395896912
-0.34908539056777954
-0.0366552472114563
0.014842511154711246
-0.055561959743499756
-0.019292473793029785
-0.03451817110180855
0.009963241405785084
0.002745038364082575
-0.03233971819281578
-0.0018095187842845917
0.630823016166687
0.2774094343185425
-0.9188931584358215
0.320534348487854
-0.5111417174339294
-0.9441417455673218
0.23423360288143158
-0.8193680047988892
-1.2752923965454102
-0.023179735988378525
-0.036346789449453354
0.009398417547345161
0.0727141723036766
0.09566521644592285
-0.01680408976972103
-0.05240267887711525
-0.049977973103523254
0.020898252725601196
-0.04471923038363457
0.1396266669034958
0.7175506949424744
-0.6635844707489014
-0.6021857857704163
0.4972885847091675
-0.11969275027513504
-1.1893815994262695
0.38555461168289185
0.560112714767456
-0.32187190651893616
0.41567909717559814
-0.6716710329055786
-0.4514244794845581
0.3456075191497803
0.1685459315776825
-1.0390349626541138
0.0013583716936409473
0.0554787777364254
0.06360980123281479
0.3431132137775421
0.02853410877287388
-0.2186068594455719
0.2395106852054596
-0.032894574105739594
-0.5261343121528625
0.11939334869384766
0.43189436197280884
-0.038216255605220795
0.3183228075504303
-0.20622985064983368
-0.35497376322746277
0.4064468443393707
-0.22830700874328613
-0.6195261478424072
0.29762738943099976
0.011116777546703815
0.3881354033946991
-0.017997123301029205
-0.19933414459228516
0.21788392961025238
0.2748887836933136
-0.26723119616508484
-0.3066905736923218
0.45330697298049927
0.16086669266223907
0.07873712480068207
0.008557545021176338
0.07055219262838364
0.08221389353275299
0.07442505657672882
0.006535264663398266
0.008324754424393177
0.04984666034579277
0.028386713936924934
-0.22330358624458313
-0.3641253113746643
-0.3138829171657562
-0.19903020560741425
-0.045641593635082245
-0.06619535386562347
0.1594650149345398
-0.17210707068443298
-0.263882577419281
-0.01257241889834404
-0.004955478943884373
-0.042840052396059036
0.015141199342906475
0.022254526615142822
0.03737654164433479
0.000743962125852704
0.010743076913058758
0.03575504198670387
-0.7051670551300049
-1.024775505065918
-0.01659807376563549
0.1835598647594452
-1.4620532989501953
-0.4688398241996765
0.892249584197998
-0.8464332222938538
-0.8318965435028076
0.03641564026474953
-0.05031310021877289
0.002795176114886999
0.15777957439422607
-0.04248968884348869
0.00046855901018716395
0.006159833632409573
-0.026908909901976585
-0.006063555367290974
0.038613177835941315
-0.1125652939081192
-0.022994043305516243
-0.1303240805864334
0.2117982804775238
0.25188007950782776
-0.10217653959989548
0.1709991693496704
0.21067248284816742
-0.32200175523757935
-0.3337576985359192
-0.1628415584564209
0.2874216139316559
-0.5044025182723999
-0.7677012085914612
0.22176162898540497
-0.16759872436523438
-0.23673291504383087
-0.32862114906311035
-1.120092511177063
0.8115297555923462
0.21108011901378632
-0.2958326041698456
-0.024107012897729874
0.2618711590766907
-0.023517601191997528
-0.5084930062294006
0.04580327123403549
-0.8039618134498596
0.6202329993247986
0.39896538853645325
-0.29889869689941406
-0.2401195913553238
0.38441500067710876
0.20808857679367065
-0.8569281101226807
0.13124434649944305
-0.1676209568977356
0.03671667352318764
0.22328992187976837
0.0058115082792937756
0.06315653026103973
-0.015877872705459595
0.0699361190199852
-0.06517811864614487
-0.15027447044849396
0.05882225185632706
-0.01490987092256546
0.022898603230714798
-0.03335028514266014
-0.13156697154045105
-0.20142745971679688
0.01877325028181076
0.02766343578696251
0.12214694917201996
-0.3133513927459717
-0.22461046278476715
0.02716785855591297
-0.150054931640625
-0.30430173873901367
-0.1089431643486023
0.2199317067861557
-0.12923921644687653
0.011048346757888794
0.009560957551002502
-0.06507531553506851
0.12350986152887344
-0.1335940659046173
-0.13801822066307068
0.023910721763968468
-0.17395322024822235
0.00717554334551096
0.20579570531845093
0.15960179269313812
-0.5373579859733582
-0.07572546601295471
0.2572345435619354
-0.2312023937702179
-0.34612342715263367
0.2600269615650177
-0.01256602443754673
-0.04992610961198807
0.42824485898017883
-0.5306628942489624
-0.3821772038936615
0.3544851243495941
-0.10842671990394592
-0.8532425165176392
0.059178609400987625
0.2624174952507019
0.156794473528862
-0.20534084737300873
-0.2627168595790863
0.23170478641986847
0.23306703567504883
-0.22773303091526031
0.26837149262428284
0.23525425791740417
-0.25775572657585144
0.22626233100891113
-0.21365393698215485
-0.033900048583745956
0.10898042470216751
0.09906766563653946
-0.24937938153743744
-0.15074795484542847
0.2026546448469162
-0.21335911750793457
0.055158831179142
-0.04539307579398155
-0.035239458084106445
-0.03655172139406204
-0.04412645101547241
-0.04052884504199028
-0.04126610606908798
-0.05271110311150551
-0.0034382205922156572
0.02790607511997223
-0.11684723198413849
-0.36339762806892395
-0.1037926971912384
0.06042967736721039
-0.34728506207466125
-0.2629435658454895
0.22450567781925201
-0.027411628514528275
0.33179771900177
0.1588912308216095
-0.5293477177619934
0.12068264186382294
0.23466937243938446
-0.3664340376853943
-0.3086414933204651
0.26747944951057434
-0.12862230837345123
0.058164726942777634
0.11638949811458588
0.09141036868095398
-0.005046038888394833
0.13593243062496185
0.0935879573225975
-0.09354544430971146
0.05107113718986511
-0.03420761227607727
0.3139711916446686
-0.7553969025611877
0.590932309627533
0.40655219554901123
-0.3403279483318329
-0.19017212092876434
0.6146602630615234
0.35287535190582275
-1.0284075736999512
0.021863890811800957
-1.350376844406128
1.1231880187988281
0.6703790426254272
-0.39057624340057373
0.47494640946388245
0.7432395815849304
-0.28085729479789734
-0.6900516748428345
0.07334960252046585
-0.802767276763916
0.632503867149353
0.771358847618103
-1.0894503593444824
0.18167327344417572
0.898740291595459
-0.39930835366249084
-0.5237458944320679
-0.05375393107533455
0.022164683789014816
-0.03713418170809746
-0.02608378604054451
0.025357265025377274
0.01932244747877121
-0.03030116856098175
-0.020283430814743042
-0.04855068400502205
0.2158530354499817
-0.2491171658039093
-0.29261520504951477
-0.13806380331516266
0.05145272612571716
-0.3409363031387329
-0.1343783140182495
0.22944657504558563
-0.2692244350910187
0.019628064706921577
0.04023011401295662
0.020077688619494438
0.04709417372941971
0.03523522615432739
-0.005506282206624746
0.06504848599433899
0.01822424866259098
0.048913683742284775
-0.6225724816322327