0.5384941697120667
0.6179552674293518
-0.6160736680030823
0.02762278914451599
0.5582190155982971
-0.2880364954471588
0.5587571859359741
0.14757712185382843
-0.2668326497077942
0.388582706451416
0.7750174403190613
-0.5923621654510498
0.4797172546386719
0.9604252576828003
-0.1513565182685852
0.2010420262813568
0.44326671957969666
-0.8912630081176758
0.7232821583747864
0.10457716137170792
-0.792801558971405
0.5465002655982971
0.23396316170692444
-0.645493745803833
0.234563946723938
0.22121571004390717
-0.46712416410446167
0.11021709442138672
0.5992212891578674
-0.021700456738471985
0.4765090346336365
0.5800899267196655
-0.3483451008796692
0.03869621828198433
0.16707205772399902
-0.2847389578819275
0.924464762210846
0.09199821203947067
-0.5015295743942261
0.7499496936798096
0.043785933405160904
-0.4572596549987793
0.5650421977043152
-0.04535384848713875
-0.7145764231681824
-0.05577773228287697
0.0018182577332481742
-0.09299957007169724
-0.01098761148750782
-0.05054011940956116
-0.07015576958656311
-0.0831313207745552
-0.0804058089852333
-0.040965691208839417
0.10179107636213303
0.07229620963335037
0.09081137925386429
-0.025646714493632317
-0.04814387112855911
-0.40226563811302185
-0.08208243548870087
-0.03739809989929199
-0.3201293647289276
0.037128105759620667
0.008509954437613487
0.041028574109077454
0.023835469037294388
0.018062474206089973
-0.01337504293769598
0.051365479826927185
0.00993163138628006
-0.032915614545345306
-0.5654985904693604
-0.06806404888629913
0.7980353832244873
-0.19190402328968048
-0.1556677669286728
-0.2245296984910965
0.07411997020244598
-0.32359325885772705
-0.2634791433811188
0.02094179578125477
-0.0771150290966034
-0.03422679007053375
-0.0013359208824113011
-0.03438546508550644
-0.1039426326751709
-0.021197665482759476
0.0229447390884161
-0.031667016446590424
-0.2916771471500397
-0.4417352080345154
-0.19979378581047058
-0.09951982647180557
0.08717867732048035
-0.2205272912979126
-0.2771715521812439
-0.05966365337371826
-0.14793570339679718
0.31604665517807007
-0.3837343454360962
-0.06031930819153786
-0.23116934299468994
-0.12193199247121811
-0.13023999333381653
0.3386298418045044
-0.13615083694458008
-0.816345751285553
-0.7806217074394226
-0.03374556452035904
0.3847147226333618
-0.5543090105056763
-0.5877972841262817
0.23371291160583496
-0.20074860751628876
-0.9091904759407043
-0.03220544382929802
0.32270726561546326
-0.5759735107421875
0.17270049452781677
0.2846170663833618
-0.3822793662548065
-0.06863264739513397
0.2350236028432846
-0.3847863972187042
-0.3304511606693268
0.09854849427938461
-0.12809281051158905
0.1320527344942093
0.04987698420882225
-0.14209333062171936
0.058174118399620056
0.010582500137388706
-0.16057106852531433
-0.11057788878679276
-0.010277295485138893
-0.1502975970506668
-0.08552838116884232
-0.09939293563365936
-0.1749448925256729
-0.16273657977581024
0.047860145568847656
0.09063942730426788
-0.07537731528282166
0.48389914631843567
-0.27963870763778687
-0.28562071919441223
0.47951534390449524
-0.4386843144893646
-0.3893609642982483
0.4787119925022125
-0.20757485926151276
-0.6470809578895569
0.19190795719623566
-0.03135287016630173
0.09615325182676315
0.14583395421504974
-0.025136416777968407
0.0013519471976906061
-0.15284830331802368
0.02901928685605526
0.13181175291538239
0.5044676661491394
-0.018479231745004654
-0.47221410274505615
0.4874536693096161
0.05289574712514877
-0.5608994364738464
0.5709486603736877
0.03810829296708107
-0.5994072556495667
0.8207647204399109
0.2822604775428772
-0.3973386287689209
0.4244341552257538
0.34659332036972046
-0.4959392845630646
0.3142949342727661
0.26524901390075684
-0.5755680203437805
0.40776726603507996
-0.4274809658527374
-0.19143415987491608
0.6170921921730042
-0.19108788669109344
-0.3249834477901459
0.644318163394928
-0.14320437610149384
-0.45089834928512573
0.4472854435443878
0.0838542953133583
-0.5445164442062378
0.49529439210891724
0.08685263246297836
-0.6078381538391113
0.2612815797328949
0.1275721937417984
-0.5695101618766785
-0.03782358765602112
0.0535246841609478
0.014009198173880577
0.022404856979846954
-0.001191421179100871
-0.004820138216018677
0.008813193999230862
-0.03241407498717308
0.0028473427519202232
0.5839167833328247
-0.25070178508758545
-0.6868587136268616
0.631872832775116
-0.12345215678215027
-0.5833427906036377
0.462586909532547
-0.16074544191360474
-0.3670615553855896
0.4844450056552887
0.14371711015701294
-0.672650933265686
0.7749218940734863
0.3090757429599762
-0.848710834980011
0.47522643208503723
0.2889147102832794
-0.8464758992195129
-0.07450062036514282
0.017435826361179352
-0.13365072011947632
-0.3000442683696747
0.17546315491199493
-0.21346062421798706
-0.018806060776114464
0.09949880838394165
0.08178277313709259
0.39960965514183044
-0.5355917811393738
0.07184670865535736
0.34367331862449646
-0.5042787194252014
-0.18209215998649597
0.3403848707675934
-0.5851535201072693
-0.27370694279670715
-0.41755008697509766
-1.0320770740509033
0.27150604128837585
-0.4927842617034912
-0.8752344250679016
0.2924312353134155
-0.3741261959075928
-0.5555756092071533
0.0367395393550396
-0.4053328335285187
-0.5334588289260864
0.37927645444869995
0.02671273611485958
-0.753715991973877
0.38291653990745544
-0.07281290739774704
-0.7154684066772461
0.17912831902503967
-0.030749117955565453
-0.020814094692468643
0.04078232869505882
0.03364437445998192
0.018989115953445435
-0.011386828497052193
-0.05798005685210228
-0.044778645038604736
0.02573469653725624
0.4859500527381897
-0.24614425003528595
-0.26134192943573
0.7694514989852905
-0.5179648995399475
-0.6190714836120605
0.6500890254974365
-0.3546029031276703
-0.5400355458259583
-0.015070056542754173
-0.047035977244377136
-0.005156347528100014
-0.041575025767087936
-0.0016357481945306063
-0.0007163441041484475
-0.035007208585739136
-0.04419100657105446
-0.018428213894367218
0.13920915126800537
0.1035282239317894
-0.23053182661533356
-0.23070862889289856
-0.8876721262931824
-0.7034491300582886
-1.1860227584838867
0.44926717877388
0.6826561689376831
0.17961208522319794
-0.3075813353061676
-0.6950291395187378
-0.6347529888153076
0.4242402911186218
0.6328392624855042
0.35497355461120605
-0.45480790734291077
-0.24671201407909393
-0.4894687831401825
0.4902181029319763
-0.016579532995820045
0.12095564603805542
-0.25739502906799316
0.04983898997306824
-0.06171564757823944
-0.29794397950172424
-0.3467775285243988
-0.029486795887351036
-0.035849157720804214
0.0027096562553197145
0.2635498344898224
0.10653796046972275
-0.0466969758272171
-0.06325972825288773
-0.20899438858032227
0.006552310194820166
0.002470053266733885
0.39731743931770325
0.40051010251045227
0.6872301697731018
0.2683738172054291
-0.11424834281206131
0.7037730813026428
-0.677461564540863
-0.7222493886947632
-0.37421801686286926
0.004861924331635237
-0.006001322064548731
-0.016340844333171844
0.028382165357470512
-0.048212725669145584
0.08166532218456268
0.02981496974825859
0.05019558593630791
-0.002511001192033291
0.047488220036029816
0.31406041979789734
0.47418221831321716
-0.2564792037010193
-0.38352298736572266
-0.326799213886261
-0.08760274201631546
-0.41117629408836365
-0.20531690120697021
0.02709338441491127
0.007852084003388882
-0.024293648079037666
-0.037449054419994354
-0.0020315414294600487
-0.0066446405835449696
0.02630603313446045
-0.0030395113863050938
0.005854906979948282
-0.3405437171459198
-0.478168785572052
-0.40566661953926086
0.743647575378418
0.611282229423523
0.7996702194213867
0.3169451057910919
-0.02981148473918438
0.0016082171350717545
0.08586233109235764
-0.06427615880966187
-0.05106636881828308
0.015036406926810741
-0.010062569752335548
-0.005317810457199812
0.10964157432317734
-0.015124989673495293
-0.0001324400946032256
0.30668649077415466
0.04615122079849243
-0.1594315767288208
-0.22028501331806183
-0.18635602295398712
0.05044202506542206
0.20695923268795013
0.14266490936279297
0.0302314143627882
0.04653880372643471
0.1874801516532898
0.24972344934940338
0.8700053691864014
0.8758770823478699
1.0028300285339355
-0.12864553928375244
-0.2235623449087143
0.015434970147907734
0.3210527300834656
0.1829763650894165
0.19940483570098877
0.3914981484413147
-0.04659874737262726
0.029563989490270615
-0.43492740392684937
-0.11864793300628662
-0.1686931997537613
0.5302929878234863
0.22755926847457886
0.403565376996994
-0.1509891003370285
-0.18335849046707153
0.1597267985343933
-0.5725129246711731
-0.21418550610542297
-0.07938308268785477
-0.06471658498048782
0.12779337167739868
0.05160128325223923
-0.12281442433595657
0.026776574552059174
-0.19722792506217957
-0.04732421785593033
0.06278732419013977
-0.05134335160255432
0.29989755153656006
-0.04735787957906723
-0.1240936815738678
-0.05608169734477997
-0.1365870237350464
0.051035720854997635
0.15195980668067932
0.17192745208740234
0.2204885184764862
0.14921197295188904
0.1978870928287506
0.3901611566543579
0.160636305809021
0.17398200929164886
0.08603337407112122
-0.1621924340724945
-0.7261311411857605
-0.48806896805763245
0.1362760215997696
0.2147907167673111
0.33121371269226074
0.28291210532188416
0.20706860721111298
0.21256569027900696
0.26357102394104004
0.27404364943504333
0.18400882184505463
-0.046389948576688766
-0.10752502828836441
0.0309467650949955
-0.09575564414262772
-0.09228163212537766
-0.06458457559347153
-0.3731689751148224
-0.19488516449928284
-0.4500325322151184
0.32124945521354675
-0.052286092191934586
0.3319063186645508
0.22912853956222534
0.20329132676124573
0.15990890562534332
-0.0917355865240097
-0.6513519883155823
-0.681807279586792
-0.07344932109117508
0.3265575170516968
0.28393930196762085
0.039109669625759125
0.18512165546417236
0.09675119072198868
-0.4184763729572296
-0.6933303475379944
-0.541398823261261
0.22584743797779083
0.3609098196029663
0.2525516450405121
-0.35721898078918457
-0.2903624176979065
0.012544437311589718
-0.1616516411304474
-0.24852542579174042
-0.1296510547399521
-0.03621194139122963
-0.036229003220796585
0.03963868319988251
0.004185687750577927
-0.027773600071668625
0.024631770327687263
0.011315817944705486
0.0451059564948082
-0.001941192545928061
0.00804221536964178
0.24290284514427185
0.21852050721645355
0.13017919659614563
-0.04576990380883217
0.001769938739016652
-0.4709415137767792
-0.5867686867713928
-0.5096206665039062
0.3380841910839081
0.19015438854694366
0.48249995708465576
0.2855950891971588
0.2318868637084961
0.20955993235111237
-0.3662026822566986
-0.4751240909099579
-0.35506772994995117
-0.09820810705423355
0.1461397111415863
0.13053181767463684
-0.11032629758119583
0.0180668905377388
0.014255029149353504
-0.021011240780353546
-0.03202102705836296
0.017136724665760994
0.11935124546289444
0.23128849267959595
0.6333602666854858
0.23442892730236053
0.04054464027285576
0.40217673778533936
-0.3622651994228363
-0.2131473571062088
-0.1743917614221573
-0.09963178634643555
0.19549906253814697
-0.1051853597164154
0.3117893934249878
0.3057364225387573
0.6201496124267578
-0.8941788077354431
-0.29255345463752747
-0.13973119854927063
-0.6416648030281067
0.04106833040714264
0.06153438985347748
0.4265681207180023
0.4825599789619446
0.6988945007324219
-0.45588886737823486
-0.24401193857192993
0.017321256920695305
-0.001713599544018507
-0.04872078821063042
0.023823555558919907
0.0484456829726696
-0.030944257974624634
0.041276101022958755
-0.029117824509739876
-0.019103262573480606
-0.03707330301403999
0.3546047806739807
0.24029609560966492
0.32804903388023376
0.47081783413887024
0.652693510055542
0.30620914697647095
-0.18859145045280457
-0.627641499042511
-0.5164201259613037
0.06410618871450424
0.013248625211417675
0.028521724045276642
-0.04308439791202545
-0.010081487707793713
-0.014889838173985481
-0.024781694635748863
-0.06597433984279633
-0.014288747683167458
-0.919097900390625