0.3240629732608795
-0.20770403742790222
-0.8256816267967224
0.3818512260913849
0.01420601736754179
-0.7655086517333984
0.29401740431785583
-0.250550240278244
-0.762382984161377
0.8030712008476257
0.1332234889268875
-0.6868603825569153
0.8843711018562317
0.43835651874542236
-0.18662340939044952
0.5019963383674622
0.33012330532073975
-0.3298402726650238
0.6747145056724548
0.23324163258075714
-0.4911261200904846
0.7451347708702087
0.4909885823726654
-0.6305621862411499
0.48363617062568665
0.24275285005569458
-0.6888529658317566
0.2269149273633957
0.5585227012634277
0.09852402657270432
-0.3578469753265381
0.4064936339855194
0.04260457679629326
-0.3491159975528717
0.49109262228012085
-0.09817924350500107
-0.6800891160964966
0.5882133841514587
0.051501791924238205
-0.52927565574646
0.3332713544368744
0.19888266921043396
-0.4774116277694702
0.4338282644748688
-0.21850800514221191
-0.6535294651985168
0.4591670036315918
0.30388662219047546
-0.42870116233825684
0.5492970943450928
0.08851203322410583
-0.5300134420394897
0.4987013041973114
0.09060893952846527
-0.5543216466903687
0.6538545489311218