0.6623885631561279
0.3683602511882782
0.3393261134624481
0.033562205731868744
0.2673945426940918
0.5568968057632446
0.12398549914360046
0.34386253356933594
0.5328448414802551
-0.10374516993761063
0.4280291795730591
-0.39496910572052
-0.11955549567937851
-0.20122955739498138
0.10775428265333176
-0.22372138500213623
-0.051054198294878006
0.46672460436820984
-0.007824115455150604
0.08151643723249435
-0.10568602383136749
-0.3759782016277313
-0.3786929249763489
-0.1764264702796936
-0.11983472108840942
0.14340810477733612
-0.04334009811282158
0.54475337266922
0.027290504425764084
-0.24632328748703003
0.6969418525695801
-0.2127220183610916
-0.06262969970703125
0.09729740023612976
0.26078659296035767
0.16610819101333618
-0.30119290947914124
0.01877083070576191
-0.1703893542289734
-0.20359767973423004
-0.12734296917915344
-0.05892648175358772
0.0011903629638254642
0.05946078896522522
-0.08967866748571396
0.01950177364051342
0.0843571275472641
-0.008722955361008644
0.07628176361322403
-0.00861854013055563
-0.005306248553097248
0.011302655562758446
-0.017657577991485596
0.050674207508563995
-0.16788063943386078
-0.1650431901216507
-0.0199713334441185
0.07339958101511002
0.05517170950770378
0.05525669828057289
0.2972510755062103
0.19358283281326294
-0.16944818198680878
-0.020612113177776337
-0.03325560688972473
-0.020401855930685997
-0.055422790348529816
-0.052993081510066986
-0.002239423571154475
-0.02543051727116108
-0.030813202261924744
0.04593707248568535
-0.2735172510147095
-1.0052233934402466
-0.2374645173549652
-0.05358322337269783
-0.34895747900009155
-0.5627309083938599
-0.09362487494945526
-0.5572712421417236
-0.46525245904922485
0.03332376852631569
-0.0006360716070048511
0.029329141601920128
0.05484906584024429
0.11175067722797394
0.09055911004543304
0.0476856455206871
0.01609860360622406
0.11629705131053925
0.23683065176010132
0.18869948387145996
-0.08015751838684082
0.22326259315013885
0.1659475415945053
0.09490173310041428
0.16522429883480072
0.30641067028045654
0.13406671583652496
0.10754836350679398
-0.1262546181678772
-0.37041059136390686
0.46533939242362976
0.3324422240257263
-0.0457482635974884
0.015441887080669403
-0.021133745089173317
-0.7955208420753479
-0.2711530923843384
0.025524882599711418
-0.648675262928009
-0.004095499403774738
0.34800153970718384
-0.2324032485485077
-0.08199262619018555
0.33203044533729553
-0.252975732088089
-0.0025790499057620764
-0.7843412160873413
-0.4621625244617462
-0.2895638346672058
-0.06887419521808624
-0.5724867582321167
-0.33106157183647156
-0.06616673618555069
-0.21398499608039856
0.16834168136119843
0.16017569601535797
0.17607037723064423
0.22210721671581268
0.31573060154914856
0.05958877131342888
0.3193069100379944
0.24360811710357666
0.11289367079734802
0.11719100922346115
0.004229858051985502
0.00045271639828570187
0.03909992054104805
0.11408478766679764
0.04475172236561775
-0.03389374539256096
0.05165775865316391
-0.06534747779369354
-0.754256546497345
-0.5912759900093079
-0.4574457108974457
-0.31654199957847595
-0.6113727688789368
-0.6441689729690552
-0.2477768212556839
-0.8165916800498962
-0.653788685798645
-0.028272591531276703
0.06208684295415878
0.03312208503484726
-0.03970347344875336
0.007409380283206701
-0.045770518481731415
0.053605034947395325
-0.0913781076669693
-0.06153230369091034
-0.34348779916763306
-0.2594541907310486
-0.5062289834022522
-0.21921458840370178
-0.6231206059455872
-0.38499823212623596
-0.1608371138572693
-0.12571823596954346
-0.546379804611206
-0.06380952894687653
-0.3401891887187958
-0.03714437037706375
-0.5469680428504944
-0.36778298020362854
0.01280224323272705
-0.48612940311431885
0.32174965739250183
0.283620685338974
-0.03534930199384689
-0.2257380187511444
-0.7610691785812378
-0.1996379941701889
-0.4230983853340149
-0.17446283996105194
0.058309830725193024
0.152425616979599
-0.33571597933769226
-0.20634551346302032
-0.5952965021133423
-0.5211416482925415
-0.3911002278327942
-0.2387942373752594
-0.23212499916553497
-0.41354063153266907
-0.11600147187709808
-0.3278009593486786
0.03719106689095497
-0.031370315700769424
-0.028949826955795288
0.051266275346279144
0.029581623151898384
0.03410765156149864
-0.04985979199409485
-0.00975852645933628
0.0010133577743545175
-0.8116416335105896
-0.10547680407762527
-0.26935020089149475
-0.4782905578613281
-0.8359953165054321
-0.596652090549469
-0.20578470826148987
-0.4140060245990753
-0.3263693153858185
-0.2854944169521332
-0.4798957407474518
0.0013828929513692856
-0.3913671672344208
-0.3461306691169739
-0.06596957892179489
-0.07289259880781174
-0.0716247484087944
0.16841214895248413
0.025877395644783974
0.09268785268068314
-0.07257351279258728
-0.08249019086360931
-0.016057690605521202
-0.07049575448036194
-0.06953020393848419
-0.019668590277433395
-0.18292422592639923
-0.011099053546786308
-0.1147637665271759
-0.524980366230011
-0.21358418464660645
-0.24024762213230133
0.07486505061388016
0.036854665726423264
0.08687274903059006
-0.03053310140967369
-0.43620118498802185
-0.41384458541870117
-1.4650909900665283
0.22809383273124695
0.09677917510271072
-0.4514804482460022
0.016318785026669502
-0.2449917197227478
-0.37861016392707825
-0.03334632143378258
-0.7602490186691284
-1.1275842189788818
0.17135776579380035
-0.3404443860054016
-0.806645393371582
0.11930599063634872
-0.5303483605384827
-0.43425023555755615
0.05649849772453308
0.007522018160670996
-0.016970105469226837
-0.000737822731025517
0.038221437484025955
-0.006575154140591621
0.04685816541314125
-0.030238404870033264
0.045674096792936325
-0.07668522000312805
-0.1699773222208023
0.4000193476676941
-0.15055355429649353
0.10279569029808044
0.09235182404518127
-0.07662183791399002
-0.14273680746555328
0.08138492703437805
-0.02306329272687435
0.014271033927798271
0.022880708798766136
-0.03167445957660675
-0.033938050270080566
0.00020631219376809895
-0.025629520416259766
-0.0011455666972324252
-0.05386556312441826
-0.05259035527706146