-0.8170415759086609
-0.2776177227497101
-0.4558209180831909
-0.0368935652077198
-0.04121454060077667
-0.13053469359874725
0.3876413106918335
0.1313566416501999
0.15535284578800201
-0.7779676914215088
-0.4109325408935547
-0.22430503368377686
-0.07694852352142334
0.09013136476278305
-0.14798802137374878
0.5636423826217651
0.5666138529777527
-0.11284618824720383
-0.7998253107070923
-0.4854308068752289
-0.5629607439041138
-0.15444990992546082
-0.16011670231819153
-0.24295660853385925
0.3086538314819336
0.1730327308177948
-0.24997389316558838
-0.5961066484451294
-0.21543832123279572
0.1726807802915573
-0.3119233250617981
-0.07406610995531082
0.11087741702795029
-0.27286669611930847
-0.3056243658065796
-0.3860096335411072
-0.4882819652557373
0.28425076603889465
0.6405979990959167
0.331030935049057
0.40686455368995667
0.7447212934494019
0.08379722386598587
0.12153400480747223
0.23861144483089447
-0.20299383997917175
0.26531192660331726
0.6870449185371399
0.1851245015859604
0.4932071268558502
0.709019124507904
0.427434504032135
0.1271541267633438
0.3873041868209839
0.013339689001441002
-0.4682096242904663
-0.11415711790323257
0.08473653346300125
0.024348698556423187
-0.25600185990333557
-0.2655743956565857
-0.2025776505470276
-0.17167611420154572
-0.2505265474319458
-0.16586743295192719
-0.23380780220031738
-0.013874993659555912
-0.009163660928606987
-0.6375735402107239
-0.5431671738624573
-0.11652594804763794
-0.40740981698036194
-0.1942037045955658
-0.05414886400103569
0.11589005589485168
0.2821788787841797
0.17995865643024445
-0.37151116132736206
-0.32267412543296814
-0.2150828242301941
-0.42512083053588867
-0.2375059723854065
-0.13967198133468628
0.38596946001052856
-0.23509719967842102
-0.2828260064125061
-0.5546191334724426
-0.24015682935714722
-0.4597140848636627
-0.44746148586273193
-0.09824170917272568
-0.2981754243373871
-0.0027369516901671886
-0.22150343656539917
-0.18029358983039856
-0.09648633003234863
-0.12171411514282227
-0.1939062625169754
-0.30632665753364563
0.0892491340637207
-0.015086079947650433
0.008998879231512547
-0.03602021560072899
0.10339675098657608
-0.285409152507782
-0.058548204600811005
-0.188376784324646
-0.024690652266144753
-0.0930660292506218
0.06439204514026642
0.2487415373325348
-0.41988617181777954