-0.08995983749628067
-0.38770171999931335
0.17445926368236542
-0.11936625093221664
-0.1940176635980606
-0.4658074975013733
-0.08694122731685638
-0.378386914730072
-0.0768609270453453
0.05085579678416252
0.16318108141422272
0.38412660360336304
0.26902467012405396
-0.691696286201477
-0.5946618914604187
0.09249234199523926
-0.19089500606060028
-0.26201510429382324
-0.29883021116256714
-0.5693478584289551
-0.2740153670310974
-0.05648117512464523
-0.2890424430370331
-0.7545250058174133
0.11485566943883896
0.09685046970844269
-0.2574822008609772
-0.11754335463047028
0.17715094983577728
0.33398112654685974
-0.17586901783943176
-0.09596049785614014
-0.2637421190738678
0.16286559402942657
0.3686904013156891
-0.03974832966923714
-0.36017417907714844
-0.22883544862270355
0.03571109101176262
-0.607559084892273
-0.18336454033851624
-0.12998607754707336
-0.11368781328201294
-0.368927001953125
-0.17208528518676758
-0.006039552390575409
-0.022906260564923286
-0.0354650504887104
-0.08953066170215607
-0.022685633972287178
0.013979828916490078
-0.007519536651670933
-0.06470557302236557
-0.04918285831809044
-0.4408743679523468
-0.2026243954896927
-0.16052180528640747
0.23485833406448364
0.038498662412166595
-0.09410260617733002
0.25915318727493286
0.2730073928833008
0.22330816090106964
-0.015118046663701534
0.002005164511501789
-0.04952399432659149
-0.02452934719622135
-0.0507994219660759
0.0385860949754715
-0.046928610652685165
-0.04695388674736023
0.0043468293733894825
0.3081282079219818
0.2962819039821625
0.3997768759727478
-0.3819785416126251
0.021279703825712204
-0.5446574091911316
0.047940466552972794
0.028394212946295738
-0.25229763984680176
0.01215295772999525
-0.0025265493895858526
-0.0571913868188858
-0.05539088696241379
-0.1009659618139267
-0.0563189871609211
-0.02961229719221592
-0.07256505638360977
-0.013872943818569183
-0.06550788879394531
-0.10710733383893967
-0.09619852900505066
-0.22786261141300201
0.15180401504039764
0.010385960340499878
-0.24277932941913605
-0.10575583577156067
-0.11722207814455032
0.23196421563625336
0.5595577955245972
0.6324499845504761
-0.3566737174987793
0.007991869933903217
-0.34999170899391174
-0.07315804064273834
-0.28147879242897034
-0.16930171847343445
-0.1403147429227829
0.06936515867710114
-0.26452580094337463
-0.31787827610969543
0.03025166504085064
0.12730678915977478
-0.6224716305732727
-0.04680049791932106
-0.309592068195343
0.3125343918800354
0.15603166818618774
-0.6064988970756531
0.14302754402160645
-0.4313110113143921
-0.19745467603206635
-0.4383028447628021
-0.3597817122936249
-0.2827884554862976
-0.0936894416809082
0.19135303795337677
0.13893987238407135
-0.062256213277578354
0.08221945911645889
0.218480184674263
-0.14441266655921936
0.04758884385228157
0.04659682884812355
0.15551024675369263
0.13065551221370697
-0.005605265498161316
0.04255370423197746
0.009298558346927166
0.06165274232625961
0.014729845337569714
0.06075479835271835
-0.00748843839392066
-0.11416696012020111
-0.5306491851806641
0.07386230677366257
-0.46702006459236145
-0.2856452465057373
-0.2082207202911377
0.32997018098831177
-0.28515592217445374
-0.11114151775836945
0.06113889440894127
-0.029050026088953018
0.0529598742723465
0.05180507153272629
-0.09931851178407669
-0.03904884308576584
0.14365357160568237
-0.06530751287937164
0.0424983911216259
-0.39749446511268616
0.06917709112167358
0.04039911553263664
-0.023333294317126274
-0.518134355545044
-0.5476247072219849
0.2015032172203064
-0.42099034786224365
-0.18230067193508148
0.037237733602523804
-0.038936797529459
0.17201630771160126
0.11908702552318573
-0.3843649625778198
-0.4596238434314728
0.10696955770254135
-0.3738592565059662
-0.5050461292266846
-0.0635824128985405
-0.07919782400131226
-0.13205505907535553
-0.17401131987571716
-0.670337438583374
-0.4168044626712799
-0.3677120506763458
-0.3059064447879791
-0.30061906576156616
-0.5616604089736938
-0.5617455840110779
-0.3713270425796509
-0.7386924624443054
-0.5873510837554932
-0.13812041282653809
-0.376796692609787
-0.3373669981956482
-0.3866695463657379
0.0522768571972847
0.015031926333904266
-0.011135119944810867
0.02824261784553528
-0.0503293015062809
-0.03542601317167282
0.01773913763463497
0.003822754370048642
0.016257887706160545
-0.015351771377027035
0.09708400070667267
-0.10035508871078491
-0.2342265546321869
-0.06811593472957611
-0.3657960295677185
-0.5273170471191406
0.12776343524456024
-0.25037699937820435
-0.3256884515285492
0.012929643504321575
-0.08620874583721161
0.2632720172405243
-0.6302877068519592
-0.5972574353218079
0.523798942565918
-0.25717663764953613
-0.04354279488325119
-0.017199156805872917
-0.10921461880207062
0.2319483906030655
0.17127932608127594
-0.10690983384847641
-0.03899182751774788
-0.026693494990468025
0.03352136164903641
0.1515706330537796
0.06083778291940689
0.09896370768547058
-0.5385357737541199
0.41790157556533813
-0.10331378877162933
-0.7016753554344177
-0.35460996627807617
-0.4884301722049713
-0.3140837848186493
0.5196397304534912
-0.19203424453735352
0.13241305947303772
0.1717635989189148
-0.31505298614501953
-0.36622968316078186
-0.15377728641033173
-0.14493662118911743
0.1743309050798416
0.15209762752056122
0.42233794927597046
0.07617705315351486
0.11355344951152802
0.026088112965226173
-0.31990551948547363
-0.13007232546806335
-0.42368054389953613
-0.38209882378578186
-0.03297895938158035
0.02172955870628357
0.010420148260891438
0.05169083923101425
0.03409368917346001
0.023942023515701294
-0.01424883771687746
-0.03943665325641632
0.007180502638220787
0.036578644067049026
0.038587890565395355
-0.44134995341300964
-0.05205487459897995
-0.04799375310540199
-0.208668053150177
0.02135583385825157
-0.2524148225784302
0.1499035507440567
-0.008353141136467457
-0.01582198217511177
0.022216107696294785
-0.027173951268196106
0.01641101762652397
0.04783375933766365
-0.03534071519970894
-0.014033866114914417
0.031472425907850266
-0.2633725106716156
0.6623885631561279
0.3683602511882782
0.3393261134624481
0.033562205731868744
0.2673945426940918
0.5568968057632446
0.12398549914360046
0.34386253356933594
0.5328448414802551
-0.10374516993761063
0.4280291795730591
-0.39496910572052
-0.11955549567937851
-0.20122955739498138
0.10775428265333176
-0.22372138500213623
-0.051054198294878006
0.46672460436820984
-0.007824115455150604
0.08151643723249435
-0.10568602383136749
-0.3759782016277313
-0.3786929249763489
-0.1764264702796936
-0.11983472108840942
0.14340810477733612
-0.04334009811282158
0.54475337266922
0.027290504425764084
-0.24632328748703003
0.6969418525695801
-0.2127220183610916
-0.06262969970703125
0.09729740023612976
0.26078659296035767
0.16610819101333618
-0.30119290947914124
0.01877083070576191
-0.1703893542289734
-0.20359767973423004
-0.12734296917915344
-0.05892648175358772
0.0011903629638254642
0.05946078896522522
-0.08967866748571396
0.01950177364051342
0.0843571275472641
-0.008722955361008644
0.07628176361322403
-0.00861854013055563
-0.005306248553097248
0.011302655562758446
-0.017657577991485596
0.050674207508563995
-0.16788063943386078
-0.1650431901216507
-0.0199713334441185
0.07339958101511002
0.05517170950770378
0.05525669828057289
0.2972510755062103
0.19358283281326294
-0.16944818198680878
-0.020612113177776337
-0.03325560688972473
-0.020401855930685997
-0.055422790348529816
-0.052993081510066986
-0.002239423571154475
-0.02543051727116108
-0.030813202261924744
0.04593707248568535
-0.2735172510147095
-1.0052233934402466
-0.2374645173549652
-0.05358322337269783
-0.34895747900009155
-0.5627309083938599
-0.09362487494945526
-0.5572712421417236
-0.46525245904922485
0.03332376852631569
-0.0006360716070048511
0.029329141601920128
0.05484906584024429
0.11175067722797394
0.09055911004543304
0.0476856455206871
0.01609860360622406
0.11629705131053925
0.23683065176010132
0.18869948387145996
-0.08015751838684082
0.22326259315013885
0.1659475415945053
0.09490173310041428
0.16522429883480072
0.30641067028045654
0.13406671583652496
0.10754836350679398
-0.1262546181678772
-0.37041059136390686
0.46533939242362976
0.3324422240257263
-0.0457482635974884
0.015441887080669403
-0.021133745089173317
-0.7955208420753479
-0.2711530923843384
0.025524882599711418
-0.648675262928009
-0.004095499403774738
0.34800153970718384
-0.2324032485485077
-0.08199262619018555
0.33203044533729553
-0.252975732088089
-0.0025790499057620764
-0.7843412160873413
-0.4621625244617462
-0.2895638346672058
-0.06887419521808624
-0.5724867582321167
-0.33106157183647156
-0.06616673618555069
-0.21398499608039856
0.16834168136119843
0.16017569601535797
0.17607037723064423
0.22210721671581268
0.31573060154914856
0.05958877131342888
0.3193069100379944
0.24360811710357666
0.11289367079734802
0.11719100922346115
0.004229858051985502
0.00045271639828570187
0.03909992054104805
0.11408478766679764
0.04475172236561775
-0.03389374539256096
0.05165775865316391
-0.06534747779369354
-0.754256546497345
-0.5912759900093079
-0.4574457108974457
-0.31654199957847595
-0.6113727688789368
-0.6441689729690552
-0.2477768212556839
-0.8165916800498962
-0.653788685798645
-0.028272591531276703
0.06208684295415878
0.03312208503484726
-0.03970347344875336
0.007409380283206701
-0.045770518481731415
0.053605034947395325
-0.0913781076669693
-0.06153230369091034
-0.34348779916763306
-0.2594541907310486
-0.5062289834022522
-0.21921458840370178
-0.6231206059455872
-0.38499823212623596
-0.1608371138572693
-0.12571823596954346
-0.546379804611206
-0.06380952894687653
-0.3401891887187958
-0.03714437037706375
-0.5469680428504944
-0.36778298020362854
0.01280224323272705
-0.48612940311431885
0.32174965739250183
0.283620685338974
-0.03534930199384689
-0.2257380187511444
-0.7610691785812378
-0.1996379941701889
-0.4230983853340149
-0.17446283996105194
0.058309830725193024
0.152425616979599
-0.33571597933769226
-0.20634551346302032
-0.5952965021133423
-0.5211416482925415
-0.3911002278327942
-0.2387942373752594
-0.23212499916553497
-0.41354063153266907
-0.11600147187709808
-0.3278009593486786
0.03719106689095497
-0.031370315700769424
-0.028949826955795288
0.051266275346279144
0.029581623151898384
0.03410765156149864
-0.04985979199409485
-0.00975852645933628
0.0010133577743545175
-0.8116416335105896
-0.10547680407762527
-0.26935020089149475
-0.4782905578613281
-0.8359953165054321
-0.596652090549469
-0.20578470826148987
-0.4140060245990753
-0.3263693153858185
-0.2854944169521332
-0.4798957407474518
0.0013828929513692856
-0.3913671672344208
-0.3461306691169739
-0.06596957892179489
-0.07289259880781174
-0.0716247484087944
0.16841214895248413
0.025877395644783974
0.09268785268068314
-0.07257351279258728
-0.08249019086360931
-0.016057690605521202
-0.07049575448036194
-0.06953020393848419
-0.019668590277433395
-0.18292422592639923
-0.011099053546786308
-0.1147637665271759
-0.524980366230011
-0.21358418464660645
-0.24024762213230133
0.07486505061388016
0.036854665726423264
0.08687274903059006
-0.03053310140967369
-0.43620118498802185
-0.41384458541870117
-1.4650909900665283
0.22809383273124695
0.09677917510271072
-0.4514804482460022
0.016318785026669502
-0.2449917197227478
-0.37861016392707825
-0.03334632143378258
-0.7602490186691284
-1.1275842189788818
0.17135776579380035
-0.3404443860054016
-0.806645393371582
0.11930599063634872
-0.5303483605384827
-0.43425023555755615
0.05649849772453308
0.007522018160670996
-0.016970105469226837
-0.000737822731025517
0.038221437484025955
-0.006575154140591621
0.04685816541314125
-0.030238404870033264
0.045674096792936325
-0.07668522000312805
-0.1699773222208023
0.4000193476676941
-0.15055355429649353
0.10279569029808044
0.09235182404518127
-0.07662183791399002
-0.14273680746555328
0.08138492703437805
-0.02306329272687435
0.014271033927798271
0.022880708798766136
-0.03167445957660675
-0.033938050270080566
0.00020631219376809895
-0.025629520416259766
-0.0011455666972324252
-0.05386556312441826
-0.05259035527706146