0.1809116005897522
0.2762742340564728
-0.25783419609069824
-0.03940378874540329
0.34879857301712036
-0.13345575332641602
-0.20969530940055847
-0.0729418694972992
-0.4187425673007965
0.6478645205497742
0.5863191485404968
-0.22897757589817047
0.7204007506370544
0.6093472838401794
-0.028805816546082497
0.18371184170246124
0.43445560336112976
-0.3960486650466919
0.39686867594718933
0.43202415108680725
-0.2211056351661682
0.5923665165901184
0.4590608477592468
-0.046587906777858734
0.1654692441225052
0.3061550259590149
-0.4082050323486328
-0.4257988929748535
-0.3212379217147827
0.19570957124233246
-0.22456958889961243
-0.09569508582353592
0.017414579167962074
0.09903194010257721
-0.2129889279603958
-0.08717916160821915
-0.1729384809732437
0.262981116771698
0.6445791125297546
0.4422225058078766
0.3111427426338196
0.4877386689186096
0.3369200825691223
0.08141589164733887
0.5851680040359497
0.24637176096439362
-0.1306368112564087
0.36807796359062195
0.13416001200675964
0.19548405706882477
0.632190465927124
0.40751147270202637
0.25198203325271606
0.22777657210826874
0.09062691777944565
-0.40154239535331726
0.3914235234260559
0.578251838684082
0.520345151424408
-0.2012600302696228
0.11393167078495026
-0.04035473242402077
-0.3647654056549072
-0.49934616684913635
-0.6495000123977661
0.8191289901733398
0.7450942993164062
0.6835583448410034
-0.05332700163125992
-0.17456063628196716
-0.11835162341594696
-0.7466872334480286
-0.562885582447052
-0.5735681056976318
0.7854392528533936
0.7502108812332153
0.8200493454933167
0.18598565459251404
-0.07860571891069412
-0.14015206694602966
-0.7687929272651672
-0.713540256023407
-0.46010884642601013
0.7576373815536499
0.1778251677751541
-0.29084402322769165
-0.8643722534179688
0.6719392538070679
0.13375404477119446
-0.4460862874984741
0.9356166124343872
0.6346601247787476
0.08928319066762924
0.1153307780623436
-0.2634758949279785
-1.062557339668274
0.44309109449386597
-0.04226437211036682
-0.7244691848754883
1.122462272644043
0.322989821434021
-0.048032745718955994
0.37774744629859924
-0.3577459156513214
-0.8512930870056152
0.6084753274917603
0.04000166431069374
-0.4221614599227905
0.97969651222229
0.3897552788257599
-0.2521326541900635
0.7949751615524292