-0.3642621338367462
0.24101926386356354
0.3735671639442444
-0.7004610896110535
0.18491940200328827
0.32161951065063477
-1.0146336555480957
-0.41838496923446655
0.2491459846496582
-0.6479891538619995
0.3430924415588379
0.46135467290878296
-0.6442962884902954
0.20732341706752777
0.5923520922660828
-0.6767228245735168
-0.06535500288009644
0.21897943317890167
-0.3778506815433502
0.20964857935905457
0.7311884164810181
-0.6535903811454773
0.3415873348712921
0.47307488322257996
-0.9286633729934692
-0.13340561091899872
0.2469714730978012
-0.20361019670963287
0.022256022319197655
0.01701560989022255
-0.6961851119995117
0.32908105850219727
0.05357052758336067
-0.5915670394897461
0.0002840590022969991
-0.015641435980796814
-0.5348401069641113
0.7062848806381226
0.7062812447547913
-0.30462437868118286
0.850396990776062
0.8891485333442688
0.14508098363876343
0.5794436931610107
0.31182631850242615
-0.26622530817985535
0.6048923134803772
0.4514780640602112
-0.22106997668743134
0.9885550141334534
0.6012564897537231
0.0605342723429203
0.4842408299446106
0.38735154271125793
-0.5109928250312805
-0.42958953976631165
-0.26507776975631714
-0.23549048602581024
-0.4813759922981262
-0.0036250283010303974
-0.08685778826475143
-0.16786165535449982
0.11697616428136826
-0.06541851162910461
-0.1094224825501442
-0.19434311985969543
-0.25443288683891296
-0.3853485882282257
0.24540776014328003
-0.10245223343372345
-0.06027669087052345
0.31851446628570557
0.2544775903224945
-0.015211768448352814
0.08783058822154999
-0.2854510545730591
-0.18434764444828033
0.11492151021957397
0.09856584668159485
-0.11010134220123291
0.43085527420043945
0.101357102394104
-0.14334797859191895
0.2883462607860565
0.40885281562805176
0.2249780297279358
-0.3096073865890503
0.27648064494132996
0.27034735679626465
-0.39027640223503113
0.25145459175109863
-0.02592257782816887
-0.41392379999160767
0.30859556794166565
0.02101324312388897
-0.6362063884735107
0.5271751284599304
0.263633131980896
-0.5722495913505554
0.6945725083351135
0.2222873419523239
-0.5867488980293274
0.28694668412208557
0.21273469924926758
-0.4335208535194397
0.6495095491409302
0.121104896068573
-0.42031848430633545
0.3757230043411255
0.07964663207530975
-0.31834837794303894
-0.1930299550294876