-0.39226004481315613
-0.25211331248283386
-0.33000460267066956
0.024060377851128578
0.30198562145233154
0.031285662204027176
-0.16692043840885162
0.3783390522003174
0.11375570297241211
-0.16904041171073914
0.24034546315670013
-0.10403980314731598
0.26469457149505615
0.6788040995597839
0.40121692419052124
0.3852866590023041
0.4330281913280487
0.4237954318523407
-0.06451661884784698
0.22389793395996094
-0.2950502336025238
0.018936168402433395
0.3764194846153259
0.2918183207511902
0.09980952739715576
0.43053966760635376
0.4212546944618225
-0.3582710027694702
-0.6887034773826599
-0.8323981165885925
-0.6702257394790649
-0.8308829069137573
-0.8915877342224121
-0.7690612077713013
-0.6247357726097107
-0.9874083995819092
-0.7294052243232727
-0.9781998991966248
-0.962571918964386
-1.0338785648345947
-0.9631986021995544
-0.8766474723815918
-1.1857812404632568
-1.1704927682876587
-1.155605673789978
-0.9987984299659729
-0.9668547511100769
-0.9212438464164734
-0.8770403265953064
-0.9594164490699768
-1.153576374053955
-0.8849726915359497
-0.8571764230728149
-0.9596177935600281
-0.9835154414176941
-1.5070881843566895