-0.522510290145874
-0.3399356007575989
0.09821739047765732
-0.7970198392868042
-1.2629724740982056
-0.28310421109199524
0.12365429848432541
-0.688922643661499
-0.26779672503471375
-0.2432786226272583
0.21929678320884705
-0.13973622024059296
-0.4799879491329193
0.032627351582050323
-0.3483818471431732
-0.6019392013549805
0.13218192756175995
-0.19937141239643097
-0.34077146649360657
0.18086598813533783
0.004454457201063633
-0.00731201795861125
0.07140343636274338
-0.2488512098789215
-0.04536350071430206
0.31078386306762695
-0.3774162232875824
-0.6574176549911499
-0.6109285354614258
-0.366230845451355
-1.0538567304611206
-0.48348236083984375
-0.3928928077220917
-0.3360030949115753
-0.3299266993999481
-0.9509454965591431
0.1051848754286766
0.6005101203918457
0.05100616440176964
-0.5095374584197998
0.35589802265167236
-0.06430784612894058
-0.7856945395469666
-0.3676796555519104
-0.3306577205657959
0.011283542960882187
-0.04627930372953415
-0.05220680683851242
-0.009553983807563782
0.03415965288877487
0.013284040614962578
-0.05150049179792404
-0.015316995792090893
-0.046985067427158356
0.23554015159606934
0.1349080502986908
0.003301729680970311
0.3015643060207367
0.15823426842689514
0.31211695075035095
-0.6478416323661804
-0.1835068017244339
0.15203431248664856
0.05829673260450363
-0.03002304770052433
0.057865649461746216
-0.025179462507367134
-0.0033157910220324993
0.009205461479723454
-0.029270565137267113
0.015119345858693123
-0.03861338272690773
0.21509011089801788
-0.04068503528833389
0.15458716452121735
0.31024909019470215
0.39490142464637756
0.3079287111759186
0.1437339037656784
0.4704536199569702
0.388525128364563
-0.0007208084571175277
0.07839204370975494
0.02597952075302601
0.06358504295349121
-0.022479072213172913
0.046841155737638474
-0.05241045355796814
-0.03927624225616455
-0.05021550878882408
-0.30538687109947205
0.08688807487487793
0.2069038599729538
-0.2842824161052704
-0.019935796037316322
0.08272815495729446
-0.33560431003570557
0.1352052241563797
0.09811805188655853
0.3495190739631653
0.13171067833900452
0.08442462235689163
0.3949397802352905
0.6761357188224792
0.2622402608394623
0.2067742496728897
0.9430373907089233
0.23201870918273926
0.5143350958824158
0.060574423521757126
0.12936703860759735
0.3840581774711609
-0.12934555113315582
-0.14248469471931458
0.2428387999534607
-0.15824578702449799
0.3213310241699219
0.47537967562675476
-0.2705005705356598
0.030925389379262924
0.028288627043366432
-0.3354266583919525
0.07964198291301727
0.0195618849247694
-0.4147879481315613
0.35142990946769714
-0.06312280893325806
-0.19854183495044708
-0.05896534025669098
-0.16112342476844788
-0.21237754821777344
-0.2176082730293274
0.021250806748867035
-0.43054601550102234
0.05703936889767647
0.05537286773324013
0.23694054782390594
0.17199936509132385
0.21706701815128326
0.21423675119876862
-0.07095424085855484
-0.1333865374326706
0.03900281712412834
-0.1289815753698349
0.29199737310409546
0.04604783281683922
0.08749271929264069
0.0372244268655777
0.4112447500228882
0.1672980785369873
-0.5125721096992493
-0.2996964156627655
-0.07299523055553436
-0.06116294115781784
-0.08233309537172318
-0.0701390951871872
-0.06638971716165543
-0.14968763291835785
-0.005853964947164059
-0.18379978835582733
-0.03294239565730095
-0.13904424011707306
-0.5380356907844543
0.1610892415046692
0.23426151275634766
-0.4806029796600342
0.13246585428714752
-0.058452729135751724
-0.710757851600647
-0.956611692905426
-0.7150827050209045
-0.5485539436340332
-0.06026306748390198
-0.24223974347114563
-0.6584751605987549
-0.2075410783290863
-0.48568853735923767
-0.6076950430870056
-0.529117226600647
-0.8521599173545837
0.16678348183631897
0.018529988825321198
-0.12082257866859436
0.16563431918621063
0.24269966781139374
-0.025555986911058426
-0.41558361053466797
-0.18433831632137299
-0.14546190202236176
-0.32166051864624023
-0.02073167823255062
0.38312774896621704
-0.16325873136520386
-0.32561907172203064
0.22807207703590393
-0.36856889724731445
-0.8297609090805054
-0.19072236120700836
-0.047930337488651276
0.03130682557821274
0.022261502221226692
-0.02452685311436653
-0.038773294538259506
-0.03506729379296303
0.03941836580634117
0.0547635443508625
-0.0021881801076233387
-0.4028508961200714
0.13361330330371857
-0.04203316941857338
-0.5076788067817688
-0.2548840343952179
-0.13106699287891388
-0.9172462821006775
-0.9789277911186218
-0.605936586856842
-0.22164104878902435
0.09945440292358398
0.15668153762817383
-0.5031046867370605
-0.061080701649188995
0.2740940749645233
-0.5762221813201904
-0.4856295883655548
-0.5765844583511353
-0.16351759433746338
-0.08290916681289673
-0.055037692189216614
-0.21958695352077484
-0.02330528385937214
-0.09074635803699493
0.02139417827129364
0.07379795610904694
-0.035890210419893265
0.6634076833724976
0.11382942646741867
0.16330336034297943
0.11990886181592941
0.08120039105415344
0.04226188734173775
0.3455909490585327
-0.2834901213645935
0.32993602752685547
0.3221755027770996
0.017489736899733543
-0.5686622858047485
0.13993550837039948
0.31580400466918945
0.3261702060699463
-0.00832910556346178
0.17426995933055878
0.4096801280975342
0.742378830909729
0.32581430673599243
0.10618825256824493
0.4800589382648468
0.3161851763725281
0.25595104694366455
0.052529290318489075
0.25165683031082153
0.42733123898506165
0.04056181758642197
-0.021197574213147163
0.0027709936257451773
0.007255264092236757
0.009419159963726997
-0.002882127882912755
-0.05141076073050499
-0.004780527204275131
-0.006650983355939388
-0.3457595407962799
0.4398094415664673
0.14664116501808167
-0.38680657744407654
0.06415654718875885
-0.32470062375068665
-0.7841906547546387
-0.21528811752796173
-0.15990997850894928
-0.011135812848806381
0.04956613481044769
0.02342732436954975
-0.005956685170531273
-0.04002273455262184
-0.026027046144008636
-0.016224239021539688
-0.04670247808098793
-0.022337740287184715
-0.8467316627502441