-1.0726720094680786
-0.9240211248397827
-0.7156514525413513
-0.6055929064750671
-0.8160068988800049
-0.8357847929000854
-0.5056241750717163
-0.7301154136657715
-0.792593240737915
-1.3054559230804443
-0.7357398867607117
-0.751732587814331
-0.7470188140869141
-0.9772817492485046
-0.839921236038208
-0.46542179584503174
-0.6219975352287292
-0.9221830368041992
-1.375593900680542
-1.0462924242019653
-0.9567470550537109
-0.9126840233802795
-1.0406297445297241
-0.896268367767334
-0.8043158650398254
-0.6966187953948975
-0.9938472509384155
-1.1747639179229736
0.7724189162254333
0.43528956174850464
-0.25671204924583435
0.5097064971923828
0.174600288271904
-0.771690309047699
-0.0780397430062294
-0.3084492087364197
-1.0071070194244385
1.0315148830413818
0.6288884282112122
-0.3899116814136505
0.6747785210609436
-0.07624663412570953
-0.7144032120704651
0.26554444432258606
-0.5058239698410034
-1.163094401359558
1.0039751529693604
0.676657497882843
-0.30651041865348816
0.6551558375358582
0.13069219887256622
-0.49915897846221924
0.2703733742237091
-0.37653249502182007
-0.9012722373008728
0.6501826047897339