0.1396266669034958
0.7175506949424744
-0.6635844707489014
-0.6021857857704163
0.4972885847091675
-0.11969275027513504
-1.1893815994262695
0.38555461168289185
0.560112714767456
-0.32187190651893616
0.41567909717559814
-0.6716710329055786
-0.4514244794845581
0.3456075191497803
0.1685459315776825
-1.0390349626541138
0.0013583716936409473
0.0554787777364254
0.06360980123281479
0.3431132137775421
0.02853410877287388
-0.2186068594455719
0.2395106852054596
-0.032894574105739594
-0.5261343121528625
0.11939334869384766
0.43189436197280884
-0.038216255605220795
0.3183228075504303
-0.20622985064983368
-0.35497376322746277
0.4064468443393707
-0.22830700874328613
-0.6195261478424072
0.29762738943099976
0.011116777546703815
0.3881354033946991
-0.017997123301029205
-0.19933414459228516
0.21788392961025238
0.2748887836933136
-0.26723119616508484
-0.3066905736923218
0.45330697298049927
0.16086669266223907
0.07873712480068207
0.008557545021176338
0.07055219262838364
0.08221389353275299
0.07442505657672882
0.006535264663398266
0.008324754424393177
0.04984666034579277
0.028386713936924934
-0.22330358624458313
-0.3641253113746643
-0.3138829171657562
-0.19903020560741425
-0.045641593635082245
-0.06619535386562347
0.1594650149345398
-0.17210707068443298
-0.263882577419281
-0.01257241889834404
-0.004955478943884373
-0.042840052396059036
0.015141199342906475
0.022254526615142822
0.03737654164433479
0.000743962125852704
0.010743076913058758
0.03575504198670387
-0.7051670551300049
-1.024775505065918
-0.01659807376563549
0.1835598647594452
-1.4620532989501953
-0.4688398241996765
0.892249584197998
-0.8464332222938538
-0.8318965435028076
0.03641564026474953
-0.05031310021877289
0.002795176114886999
0.15777957439422607
-0.04248968884348869
0.00046855901018716395
0.006159833632409573
-0.026908909901976585
-0.006063555367290974
0.038613177835941315
-0.1125652939081192
-0.022994043305516243
-0.1303240805864334
0.2117982804775238
0.25188007950782776
-0.10217653959989548
0.1709991693496704
0.21067248284816742
-0.32200175523757935
-0.3337576985359192
-0.1628415584564209
0.2874216139316559
-0.5044025182723999
-0.7677012085914612
0.22176162898540497
-0.16759872436523438
-0.23673291504383087
-0.32862114906311035
-1.120092511177063
0.8115297555923462
0.21108011901378632
-0.2958326041698456
-0.024107012897729874
0.2618711590766907
-0.023517601191997528
-0.5084930062294006
0.04580327123403549
-0.8039618134498596
0.6202329993247986
0.39896538853645325
-0.29889869689941406
-0.2401195913553238
0.38441500067710876
0.20808857679367065
-0.8569281101226807
0.13124434649944305
-0.1676209568977356
0.03671667352318764
0.22328992187976837
0.0058115082792937756
0.06315653026103973
-0.015877872705459595
0.0699361190199852
-0.06517811864614487
-0.15027447044849396
0.05882225185632706
-0.01490987092256546
0.022898603230714798
-0.03335028514266014
-0.13156697154045105
-0.20142745971679688
0.01877325028181076
0.02766343578696251
0.12214694917201996
-0.3133513927459717
-0.22461046278476715
0.02716785855591297
-0.150054931640625
-0.30430173873901367
-0.1089431643486023
0.2199317067861557
-0.12923921644687653
0.011048346757888794
0.009560957551002502
-0.06507531553506851
0.12350986152887344
-0.1335940659046173
-0.13801822066307068
0.023910721763968468
-0.17395322024822235
0.00717554334551096
0.20579570531845093
0.15960179269313812
-0.5373579859733582
-0.07572546601295471
0.2572345435619354
-0.2312023937702179
-0.34612342715263367
0.2600269615650177
-0.01256602443754673
-0.04992610961198807
0.42824485898017883
-0.5306628942489624
-0.3821772038936615
0.3544851243495941
-0.10842671990394592
-0.8532425165176392
0.059178609400987625
0.2624174952507019
0.156794473528862
-0.20534084737300873
-0.2627168595790863
0.23170478641986847
0.23306703567504883
-0.22773303091526031
0.26837149262428284
0.23525425791740417
-0.25775572657585144
0.22626233100891113
-0.21365393698215485
-0.033900048583745956
0.10898042470216751
0.09906766563653946
-0.24937938153743744
-0.15074795484542847
0.2026546448469162
-0.21335911750793457
0.055158831179142
-0.04539307579398155
-0.035239458084106445
-0.03655172139406204
-0.04412645101547241
-0.04052884504199028
-0.04126610606908798
-0.05271110311150551
-0.0034382205922156572
0.02790607511997223
-0.11684723198413849
-0.36339762806892395
-0.1037926971912384
0.06042967736721039
-0.34728506207466125
-0.2629435658454895
0.22450567781925201
-0.027411628514528275
0.33179771900177
0.1588912308216095
-0.5293477177619934
0.12068264186382294
0.23466937243938446
-0.3664340376853943
-0.3086414933204651
0.26747944951057434
-0.12862230837345123
0.058164726942777634
0.11638949811458588
0.09141036868095398
-0.005046038888394833
0.13593243062496185
0.0935879573225975
-0.09354544430971146
0.05107113718986511
-0.03420761227607727
0.3139711916446686
-0.7553969025611877
0.590932309627533
0.40655219554901123
-0.3403279483318329
-0.19017212092876434
0.6146602630615234
0.35287535190582275
-1.0284075736999512
0.021863890811800957
-1.350376844406128
1.1231880187988281
0.6703790426254272
-0.39057624340057373
0.47494640946388245
0.7432395815849304
-0.28085729479789734
-0.6900516748428345
0.07334960252046585
-0.802767276763916
0.632503867149353
0.771358847618103
-1.0894503593444824
0.18167327344417572
0.898740291595459
-0.39930835366249084
-0.5237458944320679
-0.05375393107533455
0.022164683789014816
-0.03713418170809746
-0.02608378604054451
0.025357265025377274
0.01932244747877121
-0.03030116856098175
-0.020283430814743042
-0.04855068400502205
0.2158530354499817
-0.2491171658039093
-0.29261520504951477
-0.13806380331516266
0.05145272612571716
-0.3409363031387329
-0.1343783140182495
0.22944657504558563
-0.2692244350910187
0.019628064706921577
0.04023011401295662
0.020077688619494438
0.04709417372941971
0.03523522615432739
-0.005506282206624746
0.06504848599433899
0.01822424866259098
0.048913683742284775
-0.6225724816322327