0.1035282239317894
-0.23053182661533356
-0.23070862889289856
-0.8876721262931824
-0.7034491300582886
-1.1860227584838867
0.44926717877388
0.6826561689376831
0.17961208522319794
-0.3075813353061676
-0.6950291395187378
-0.6347529888153076
0.4242402911186218
0.6328392624855042
0.35497355461120605
-0.45480790734291077
-0.24671201407909393
-0.4894687831401825
0.4902181029319763
-0.016579532995820045
0.12095564603805542
-0.25739502906799316
0.04983898997306824
-0.06171564757823944
-0.29794397950172424
-0.3467775285243988
-0.029486795887351036
-0.035849157720804214
0.0027096562553197145
0.2635498344898224
0.10653796046972275
-0.0466969758272171
-0.06325972825288773
-0.20899438858032227
0.006552310194820166
0.002470053266733885
0.39731743931770325
0.40051010251045227
0.6872301697731018
0.2683738172054291
-0.11424834281206131
0.7037730813026428
-0.677461564540863
-0.7222493886947632
-0.37421801686286926
0.004861924331635237
-0.006001322064548731
-0.016340844333171844
0.028382165357470512
-0.048212725669145584
0.08166532218456268
0.02981496974825859
0.05019558593630791
-0.002511001192033291
0.047488220036029816
0.31406041979789734
0.47418221831321716
-0.2564792037010193
-0.38352298736572266
-0.326799213886261
-0.08760274201631546
-0.41117629408836365
-0.20531690120697021
0.02709338441491127
0.007852084003388882
-0.024293648079037666
-0.037449054419994354
-0.0020315414294600487
-0.0066446405835449696
0.02630603313446045
-0.0030395113863050938
0.005854906979948282
-0.3405437171459198
-0.478168785572052
-0.40566661953926086
0.743647575378418
0.611282229423523
0.7996702194213867
0.3169451057910919
-0.02981148473918438
0.0016082171350717545
0.08586233109235764
-0.06427615880966187
-0.05106636881828308
0.015036406926810741
-0.010062569752335548
-0.005317810457199812
0.10964157432317734
-0.015124989673495293
-0.0001324400946032256
0.30668649077415466
0.04615122079849243
-0.1594315767288208
-0.22028501331806183
-0.18635602295398712
0.05044202506542206
0.20695923268795013
0.14266490936279297
0.0302314143627882
0.04653880372643471
0.1874801516532898
0.24972344934940338
0.8700053691864014
0.8758770823478699
1.0028300285339355
-0.12864553928375244
-0.2235623449087143
0.015434970147907734
0.3210527300834656
0.1829763650894165
0.19940483570098877
0.3914981484413147
-0.04659874737262726
0.029563989490270615
-0.43492740392684937
-0.11864793300628662
-0.1686931997537613
0.5302929878234863
0.22755926847457886
0.403565376996994
-0.1509891003370285
-0.18335849046707153
0.1597267985343933
-0.5725129246711731
-0.21418550610542297
-0.07938308268785477
-0.06471658498048782
0.12779337167739868
0.05160128325223923
-0.12281442433595657
0.026776574552059174
-0.19722792506217957
-0.04732421785593033
0.06278732419013977
-0.05134335160255432
0.29989755153656006
-0.04735787957906723
-0.1240936815738678
-0.05608169734477997
-0.1365870237350464
0.051035720854997635
0.15195980668067932
0.17192745208740234
0.2204885184764862
0.14921197295188904
0.1978870928287506
0.3901611566543579
0.160636305809021
0.17398200929164886
0.08603337407112122
-0.1621924340724945
-0.7261311411857605
-0.48806896805763245
0.1362760215997696
0.2147907167673111
0.33121371269226074
0.28291210532188416
0.20706860721111298
0.21256569027900696
0.26357102394104004
0.27404364943504333
0.18400882184505463
-0.046389948576688766
-0.10752502828836441
0.0309467650949955
-0.09575564414262772
-0.09228163212537766
-0.06458457559347153
-0.3731689751148224
-0.19488516449928284
-0.4500325322151184
0.32124945521354675
-0.052286092191934586
0.3319063186645508
0.22912853956222534
0.20329132676124573
0.15990890562534332
-0.0917355865240097
-0.6513519883155823
-0.681807279586792
-0.07344932109117508
0.3265575170516968
0.28393930196762085
0.039109669625759125
0.18512165546417236
0.09675119072198868
-0.4184763729572296
-0.6933303475379944
-0.541398823261261
0.22584743797779083
0.3609098196029663
0.2525516450405121
-0.35721898078918457
-0.2903624176979065
0.012544437311589718
-0.1616516411304474
-0.24852542579174042
-0.1296510547399521
-0.03621194139122963
-0.036229003220796585
0.03963868319988251
0.004185687750577927
-0.027773600071668625
0.024631770327687263
0.011315817944705486
0.0451059564948082
-0.001941192545928061
0.00804221536964178
0.24290284514427185
0.21852050721645355
0.13017919659614563
-0.04576990380883217
0.001769938739016652
-0.4709415137767792
-0.5867686867713928
-0.5096206665039062
0.3380841910839081
0.19015438854694366
0.48249995708465576
0.2855950891971588
0.2318868637084961
0.20955993235111237
-0.3662026822566986
-0.4751240909099579
-0.35506772994995117
-0.09820810705423355
0.1461397111415863
0.13053181767463684
-0.11032629758119583
0.0180668905377388
0.014255029149353504
-0.021011240780353546
-0.03202102705836296
0.017136724665760994
0.11935124546289444
0.23128849267959595
0.6333602666854858
0.23442892730236053
0.04054464027285576
0.40217673778533936
-0.3622651994228363
-0.2131473571062088
-0.1743917614221573
-0.09963178634643555
0.19549906253814697
-0.1051853597164154
0.3117893934249878
0.3057364225387573
0.6201496124267578
-0.8941788077354431
-0.29255345463752747
-0.13973119854927063
-0.6416648030281067
0.04106833040714264
0.06153438985347748
0.4265681207180023
0.4825599789619446
0.6988945007324219
-0.45588886737823486
-0.24401193857192993
0.017321256920695305
-0.001713599544018507
-0.04872078821063042
0.023823555558919907
0.0484456829726696
-0.030944257974624634
0.041276101022958755
-0.029117824509739876
-0.019103262573480606
-0.03707330301403999
0.3546047806739807
0.24029609560966492
0.32804903388023376
0.47081783413887024
0.652693510055542
0.30620914697647095
-0.18859145045280457
-0.627641499042511
-0.5164201259613037
0.06410618871450424
0.013248625211417675
0.028521724045276642
-0.04308439791202545
-0.010081487707793713
-0.014889838173985481
-0.024781694635748863
-0.06597433984279633
-0.014288747683167458
-0.919097900390625