-0.2090686708688736
0.09874480962753296
-0.20827409625053406
-0.026935113593935966
0.014696406200528145
-0.18446113169193268
0.043580904603004456
-0.4918891489505768
0.3572588264942169
-0.024270784109830856
0.41828465461730957
0.1556120663881302
0.5451662540435791
0.29557833075523376
-0.7395519018173218
0.0032110989559441805
-1.054793357849121
-0.35527920722961426
0.24689921736717224
0.7818359732627869
-0.13327950239181519
0.19477957487106323
0.012617886997759342
-0.16942298412322998
-0.5063278675079346
-0.4234662353992462
0.214447483420372
0.17064592242240906
0.564415693283081
0.07622222602367401
0.3770822584629059
0.15287186205387115
-0.4293563663959503
-0.060282763093709946
-0.8013538122177124
-0.20565028488636017
0.5049665570259094
0.44393545389175415
-0.5709241032600403
0.1018274798989296
-0.1637699156999588
-0.2607083022594452
-0.24698667228221893
-0.40716633200645447
0.368994802236557
0.012483684346079826
0.01886507123708725
0.006434327457100153
-0.007445991039276123
-0.030147811397910118
0.04072291776537895
0.06614804267883301
0.019723670557141304
0.03287184238433838
0.060070354491472244
0.07854421436786652
-0.370676726102829
0.27270346879959106
-0.5478043556213379
-0.07093663513660431
-0.06658168137073517
0.1869574785232544
0.4602479934692383
0.01648593693971634
0.048469845205545425
0.0029347131494432688
-0.03520168736577034
-0.01921834424138069
0.02303118072450161
0.03474565967917442
0.030529623851180077
-0.052436720579862595
0.37019190192222595
0.8214104771614075
-0.7147569060325623
0.5627890825271606
0.49070072174072266
-1.1470266580581665
0.5164567828178406
-0.5988725423812866
-0.810321033000946
0.06018420681357384
0.10173444449901581
0.017920657992362976
0.06707406044006348
-0.04184037074446678
0.10552796721458435
0.08580344170331955
-0.08550718426704407
0.01797637715935707
-0.39560186862945557
0.14696551859378815
0.009541395120322704
0.11029596626758575
0.17988747358322144
0.0031844661571085453
-0.16758210957050323
0.10899541527032852
-0.28029125928878784
0.7441720366477966
0.7905590534210205
-0.2395298033952713
0.9459149837493896
0.2870434820652008
-0.29270869493484497
0.577751874923706
-0.7102065682411194
-0.4751146733760834
0.039735130965709686
-0.7115265727043152
-0.061707306653261185
-0.7849863767623901
-0.3833968937397003
0.07703413814306259
-0.7711780667304993
0.013130429200828075
-0.20349085330963135
0.3578121066093445
-1.1689419746398926
-0.2117587774991989
-0.6735607385635376
-0.13846340775489807
0.13314008712768555
-0.4390468895435333
0.3003663122653961
0.3749729096889496
-0.024755848571658134
0.051903847604990005
0.16235269606113434
-0.04452072083950043
0.04525883123278618
-0.004707659129053354
-0.17379134893417358
0.08928888291120529
-0.12695327401161194
0.022009145468473434
0.19116564095020294
0.0346883125603199
0.16882263123989105
-0.02528415620326996
-0.05989407002925873
0.07847718149423599
-0.1254974603652954
-0.16869297623634338
0.23623009026050568
0.44352060556411743
-0.16444875299930573
0.2869251072406769
-0.3552034795284271
0.11570864915847778
-0.4114339351654053
-0.1276189237833023
0.31279096007347107
0.05112946778535843
0.09884503483772278
-0.03322890028357506
-0.08419971168041229
0.1179705560207367
-0.06433483213186264
-0.0103441858664155
0.030490949749946594
0.06969072669744492
0.1943296641111374
0.44543108344078064
-0.43548384308815
0.10009296238422394
-0.34519845247268677
-0.5038713812828064
-0.40062886476516724
-0.6024550795555115
0.062162697315216064
0.06274405866861343
0.29940587282180786
-0.10515609383583069
0.46871012449264526
-0.19341886043548584
-0.4648514986038208
-0.2008560448884964
-0.5940766930580139
-0.0070052058435976505
0.21909548342227936
0.005650331266224384
-0.6654852032661438
-0.008084231987595558
-0.40805378556251526
-0.30809202790260315
-0.7565876841545105
-0.3309909999370575
-0.08138614892959595
0.5625777840614319
-0.098240427672863
-0.03417294844985008
-0.037588007748126984
-0.12136386334896088
0.24079890549182892
-0.3334997594356537
-0.03214816004037857
0.5225648880004883
0.052105873823165894
0.021792681887745857
0.02950543537735939
0.045206084847450256
0.02655666694045067
0.04203667864203453
-0.0424538180232048
0.05324738100171089
-0.03946555778384209
0.36809635162353516
0.5876749753952026
-0.6386228203773499
0.4249507784843445
-0.3698350489139557
-0.3935947120189667
-0.5459803342819214
-0.4614644944667816
0.28190532326698303
0.46434298157691956
0.21760356426239014
-0.6008851528167725
0.16217389702796936
-0.17871007323265076
-0.06771953403949738
-0.5498731136322021
-0.2625557482242584
0.34182339906692505
-0.1285100281238556
-0.05162593349814415
0.01506183110177517
-0.06230276823043823
-0.020856326445937157
-0.08619557321071625
0.015792198479175568
-0.004572225734591484
-0.1638084053993225
-0.1475115716457367
-0.6047301292419434
-0.1747123897075653
-0.3745618164539337
-0.0077905296348035336
-0.06775607913732529
-0.4262617826461792
0.7378198504447937
0.1631321907043457
-0.6343857645988464
-1.2488731145858765
0.0919911190867424
-1.255159854888916
-0.524671733379364
0.03792113438248634
-1.1533037424087524
-0.23353932797908783
-0.045170944184064865
0.42762261629104614
0.14923322200775146
-0.18490251898765564
0.6615994572639465
-0.3735235035419464
-0.28457409143447876
0.18203940987586975
-0.18589912354946136
0.298612117767334
0.006740665063261986
-0.04407612234354019
0.04864391312003136
0.05617661401629448
0.031924474984407425
0.02696421928703785
0.05123339220881462
0.04782336950302124
-0.021338218823075294
0.47443604469299316
0.483078271150589
-0.5246935486793518
0.4767492413520813
0.030936192721128464
-0.3582490086555481
-0.49143141508102417
-0.31542861461639404
-0.03929443657398224
0.023422645404934883
-0.04858262091875076
0.046673040837049484
-0.030422639101743698
-0.010877609252929688
-0.0020627067424356937
-0.0023427994456142187
-0.04062371701002121
0.04317714646458626
-0.5347797870635986
-0.7145736813545227
-0.9684165120124817
-0.893677294254303
-0.874464213848114
-0.5317386984825134
-0.3667507469654083
0.030912766233086586
-0.04523899033665657
0.7087463140487671
-0.2144700437784195
0.17778290808200836
0.6904962062835693
-0.047285523265600204
0.4148057997226715
-0.13735607266426086
-0.9031375050544739
-1.029130220413208
-0.31616300344467163
0.2545759677886963
0.495503306388855
-0.022178178653120995
0.10644131898880005
0.08974902331829071
0.11308664083480835
-0.2754693925380707
0.06053740531206131
-0.00821308046579361
-0.06986729800701141
-0.323202908039093
-0.2733111083507538
0.007921924814581871
-0.28684335947036743
-0.30323487520217896
-0.4257189929485321
-0.23878903687000275
0.10261669754981995
0.26055505871772766
0.5244203805923462
0.629946231842041
0.19802728295326233
-0.13808715343475342
-0.32006004452705383
-0.19752681255340576
0.11300791800022125
-0.09658364951610565
0.08781912177801132
0.0889676883816719
0.05509735643863678
0.031278301030397415
0.049399666488170624
0.005329162813723087
0.010449053719639778
0.018404442816972733
0.0013098310446366668
-0.4426930844783783
-0.11458106338977814
0.254940927028656
0.19603559374809265
-0.14237691462039948
-0.14612193405628204
0.012419397011399269
0.5304710268974304
0.16155682504177094
0.03355515003204346
-0.011572688817977905
-0.008836150169372559
0.01900220848619938
0.0553012378513813
0.0329691544175148
-0.0510096549987793
0.04462340474128723
0.014315943233668804
0.4272926449775696
0.6312639117240906
0.8420183062553406
0.35574737191200256
0.17893941700458527
0.2909252941608429
-0.7911165356636047
-1.0331852436065674
-0.4325617253780365
0.035372961312532425
0.03646446391940117
0.03479095920920372
0.06016937270760536
-0.0007604238926433027
0.0839240625500679
0.08248642832040787
0.05051899328827858
0.09807262569665909
0.06133290380239487
-0.08218547701835632
0.13589830696582794
0.029713118448853493
-0.2075250893831253
-0.2501540184020996
-0.44135719537734985
0.034262947738170624
-0.27335962653160095
0.8199260234832764
0.7835288643836975
1.0391812324523926
0.4749296009540558
0.2783554792404175
0.1908230185508728
-0.4380708336830139
-0.7465793490409851
-0.5706360340118408
-0.1899588257074356
0.27418169379234314
-0.06525368243455887
-0.09984035789966583
-0.20326560735702515
0.3658643066883087
0.1382744014263153
-0.39630237221717834
-0.19629114866256714
0.06453701108694077
-0.04471719637513161
0.2201552391052246
-0.22919416427612305
-0.42731308937072754
0.06864437460899353
0.08999663591384888
-0.04149268567562103
-0.11997019499540329
-0.08917368203401566
-0.057402659207582474
0.158453106880188
-0.3356119990348816
-0.17049145698547363
-0.005604583770036697
0.0890328511595726
-0.17552505433559418
-0.11327322572469711
-0.007436702027916908
-0.016985589638352394
0.13271057605743408
-0.15364784002304077
-0.13663233816623688
-0.14509621262550354
-0.06635218113660812
0.022363392636179924
0.019862577319145203
0.24115139245986938
0.33908337354660034
0.5230767130851746
-0.1759941279888153
-0.44601166248321533
-0.2788163721561432
0.037039488554000854
-0.21966493129730225
-0.23710566759109497
0.04264052212238312
0.13731259107589722
0.04642999544739723
0.144003227353096
0.17932455241680145
0.10644826292991638
0.08723091334104538
0.16378189623355865
0.16720908880233765
0.08099193871021271
0.2712157666683197
0.22712774574756622
-0.36549973487854004
-0.31115657091140747
-0.26604899764060974
-0.29743897914886475
0.001986841903999448
-0.13013075292110443
-0.09786877781152725
0.21083983778953552
0.15093690156936646
-0.16435250639915466
-0.05695270001888275
-0.33755359053611755
-0.06282738596200943
-0.07546018809080124
0.2249370664358139
0.33599230647087097
0.5067804455757141
0.34735003113746643
-0.4006965458393097
-0.25077590346336365
0.10662258416414261
-0.17567995190620422
-0.2988544702529907
-0.40994295477867126
-0.32112592458724976
0.38887467980384827
0.5015497803688049
-0.78266841173172
-0.7175271511077881
-0.6212286949157715
0.06143961101770401
0.11783582717180252
-0.44677525758743286
0.0019040751503780484
0.026115782558918
0.019140703603625298
-0.013029319234192371
0.039939310401678085
0.052847787737846375
-0.03044217638671398
-0.021908704191446304
0.05726943910121918
0.053869545459747314
0.34656718373298645
0.4432373046875
-0.344879150390625
-0.26086169481277466
-0.3483056426048279
-0.2289111167192459
-0.04839765280485153
-0.12419348955154419
-0.05889521539211273
0.4389043152332306
0.3342086374759674
-0.5278545022010803
-0.5363616347312927
-0.34830242395401
-0.42255017161369324
-0.3092287480831146
-0.30715614557266235
-0.01907862350344658
0.007201822008937597
-0.005302170291543007
0.03917617350816727
0.06959003210067749
-0.1758633553981781
-0.038596853613853455
-0.10379024595022202
0.000427245075115934
0.2495763748884201
0.7450248599052429
0.524409294128418
-0.12637832760810852
-0.3595905005931854
-0.06709734350442886
-0.43119266629219055
-0.15501512587070465
-0.4567466676235199
0.5644581913948059
0.34899747371673584
0.4403800666332245
0.07537905871868134
0.024973034858703613
0.06160217523574829
-0.11993885040283203
-0.8225932717323303
-0.6030669212341309
0.6226198673248291
0.4234504699707031
0.434623122215271
0.15832304954528809
0.16701413691043854
0.15455807745456696
-0.6400512456893921
-0.9539096355438232
-0.7658129334449768
-0.004206262528896332
0.04570315033197403
-0.011992941610515118
0.04098315164446831
0.01745731569826603
-0.01616678014397621
-0.005937788635492325
-0.010790843516588211
0.020965423434972763
0.26025107502937317
0.5650603771209717
0.285631000995636
-0.21382766962051392
-0.07923103868961334
-0.17631468176841736
-0.3641605079174042
-0.2385575771331787
-0.538192629814148
0.03768424689769745
-0.0557342991232872
0.006352969910949469
-0.02659009024500847
-0.05852949619293213
0.007019515614956617
0.023219754919409752
-0.01786084473133087
-0.03159769997000694
-0.6886278390884399