0.46264487504959106
-0.06417199969291687
-0.3310110867023468
0.5515657663345337
0.5356886982917786
0.3019545376300812
-0.6207341551780701
0.03632037341594696
0.23014158010482788
0.44991493225097656
-0.22119569778442383
0.007294480223208666
-0.7024520635604858
-0.4130285084247589
-0.502225935459137
0.05048045143485069
0.4068491458892822
0.25822576880455017
-0.00437982939183712
-0.4333462715148926
-0.3944283127784729
0.09487178176641464
0.039970193058252335
0.20065096020698547
0.25518590211868286
0.4140239953994751
0.36647510528564453
0.17417287826538086
-0.20629547536373138
-0.55385822057724
-0.18127024173736572
0.12478993833065033
-0.01978486403822899
-0.3053109645843506
0.0678093209862709
0.11468575149774551
-0.7456569075584412
-0.9835088849067688
-0.4570080041885376
0.18302367627620697
0.3049671947956085
-0.15780822932720184
0.6450439691543579
0.8885145783424377
0.5220158696174622
0.11920677125453949
-0.10791423916816711
-0.05207977816462517
0.09303957968950272
-0.0028576578479260206
-0.08666440099477768
-0.04612450674176216
-0.09228915721178055
-0.08642061799764633
0.20682023465633392
0.34729039669036865
0.04687654972076416
0.09143758565187454
0.4882628619670868
0.048704151064157486
0.5039202570915222
-0.24241092801094055
-0.09300626814365387
0.049788277596235275
-0.039221975952386856
-0.045017682015895844
-0.008826406672596931
0.05243479460477829
0.04164179414510727
0.006697267759591341
0.04649797081947327
-0.05345531180500984
0.06642544269561768
0.1497780829668045
0.27959129214286804
-1.399493932723999
-0.8678574562072754
-0.29109928011894226
0.1366150975227356
0.28635650873184204
-0.2549101710319519
0.04624394327402115
0.13084454834461212
0.10330874472856522
0.052836693823337555
0.020284881815314293
0.10495810955762863
-0.060860928148031235
0.03329801931977272
0.12482479959726334
-0.1016211062669754
0.001517577446065843
0.004130986053496599
0.09834008663892746
0.07716315239667892
0.21504797041416168
0.0029763011261820793
0.14010965824127197
0.1751701831817627
-0.5489582419395447
-0.1745373010635376
0.19470393657684326
-0.7779683470726013
-0.9399374723434448
-0.3246285021305084
0.6279252171516418
0.33101028203964233
0.03038114495575428
-0.23228129744529724
0.349293053150177
0.2680809199810028
0.19193445146083832
-0.08925141394138336
0.0735480859875679
-0.016236886382102966
-0.27257606387138367
-0.31499001383781433
-0.7301127910614014
-0.2180839478969574
0.1061151847243309
0.23615647852420807
-0.047453463077545166
-0.003875323571264744
0.6895606517791748
0.0801670178771019
-0.05891510471701622
-0.12269964069128036
-0.05425221100449562
0.00993319135159254
0.016581645235419273
-0.0003232657618355006
0.1766483336687088
0.18392275273799896
0.1256493479013443
0.0007646498270332813
-0.03010735660791397
0.13388967514038086
0.25536608695983887
-0.019142640754580498
0.0661003589630127
0.13647952675819397
0.1417534053325653
-0.10846191644668579
0.059725284576416016
-1.0613726377487183
-0.6490793824195862
-0.4226226806640625
0.19714979827404022
0.22405403852462769
-0.0127554377540946
0.628474235534668
0.5283550024032593
0.5432657599449158
-0.002417971147224307
0.034017834812402725
0.03658008202910423
0.05848038196563721
-0.02430056780576706
-0.016582800075411797
0.023994946852326393
0.09278818219900131
-0.003664761781692505
-0.6278215646743774
-0.9447529911994934
-0.6219490766525269
0.19353145360946655
0.1414715051651001
-0.01346002146601677
0.538813054561615
0.5473849177360535
0.6985597014427185
-0.4047097861766815
-0.7190298438072205
-0.6578463912010193
0.19535961747169495
0.37518295645713806
-0.19147025048732758
0.3306448459625244
0.4868420660495758
0.5863323211669922
-0.9745903611183167
-0.8249558806419373
-0.1896960288286209
0.05742677301168442
0.05737757310271263
-0.21236087381839752
0.7879822254180908
0.6882887482643127
0.3213678002357483
-0.6264482140541077
-0.6938591599464417
-0.26360833644866943
0.3421438932418823
0.25030001997947693
0.08568026125431061
0.47451215982437134
0.4601670801639557
0.44047075510025024
-0.008298903703689575
0.035234443843364716
0.004850940778851509
-0.03338426724076271
-0.0417318269610405
0.04312828183174133
0.0322941392660141
0.04173725098371506
0.011199590750038624
-0.8255109190940857
-0.7916348576545715
-0.38398879766464233
0.02602975070476532
0.2093607634305954
0.05776847526431084
0.7730321288108826
0.7113114595413208
0.3798624873161316
-0.7804328203201294
-0.9259911179542542
-0.4464384615421295
0.2511756122112274
0.31391024589538574
-0.1532861739397049
0.43517205119132996
0.6776825189590454
0.8168656229972839
0.06143856793642044
-0.123257577419281
-0.03791402280330658
-0.06972872465848923
-0.07190892100334167
0.03425285965204239
0.018698101863265038
0.020625857636332512
-0.04518023878335953
-0.8092371821403503
-0.20312650501728058
0.13865721225738525
0.08574341237545013
-0.4921283721923828
-0.1354500949382782
0.6541149020195007
0.3584883213043213
0.10188931971788406
-0.48097243905067444
0.5974925756454468
0.7782177925109863
-1.0737725496292114
-1.3495821952819824
-0.3228974938392639
0.7690150737762451
0.30702105164527893
-0.7619958519935608
-0.43991801142692566
0.42353954911231995
0.32069095969200134
-1.2423911094665527
-1.0405561923980713
-0.652836799621582
0.46101316809654236
0.08597877621650696
-0.0697958916425705
-0.0006860313005745411
-0.04198294132947922
0.0023723547346889973
-0.044655561447143555
0.05182937905192375
-0.04005024582147598
0.031132865697145462
-0.024494238197803497
-0.008890540339052677
-0.76572185754776
-0.8960795402526855
-0.10940347611904144
-0.10485835373401642
0.11862721294164658
-0.14981360733509064
0.6774435043334961
0.6616165637969971
0.54270339012146
0.02299749292433262
0.04389726743102074
-0.001486338209360838
-0.007418091408908367
-0.017534131184220314
0.07875368744134903
0.0766889676451683
0.04709280654788017
-0.018246859312057495
-0.17730703949928284