0.029617395251989365
0.7272970080375671
-0.6695348024368286
-0.05128377676010132
-0.2635253071784973
-0.8983049988746643
-0.006949771661311388
-0.79184490442276
0.08665500581264496
0.3681355118751526
0.838847815990448
-1.4144036769866943
0.23747582733631134
-0.1720474511384964
-0.6683029532432556
0.0578828826546669
-1.8880720138549805
-0.04312339052557945
0.14058539271354675
0.4219381511211395
-0.6229257583618164
0.09619183838367462
-0.22397097945213318
0.2029733955860138
-0.050483494997024536
-0.725775957107544
0.5721372365951538
0.32011374831199646
0.7740936875343323
-0.5897496938705444
0.26695480942726135
-0.057379741221666336
-0.48026010394096375
-0.2422950565814972
-0.7648153305053711
0.4648338556289673
0.2405356764793396
-0.22220906615257263
-0.6316937804222107
0.2137441337108612
-0.5474731922149658
0.40026944875717163
-0.23889698088169098
0.04361184686422348
0.6757045388221741
-0.03575379401445389
-0.001624522963538766
0.06665327399969101
0.05347052961587906
-0.02045287750661373
0.006523164454847574
0.03411537781357765
0.08183660358190536
0.01331399381160736
0.06995322555303574
0.13014379143714905
-0.06403406709432602
0.1430382877588272
0.14578713476657867
0.248625248670578
0.11227244138717651
-0.03286771476268768
0.011857512407004833
0.009212682954967022
0.030768582597374916
0.013428007252514362
-0.011205337010324001
0.03172089159488678
-0.016162270680069923
0.01050970982760191
0.02867492474615574
-0.014246386475861073
0.6502984762191772
-0.3389332890510559
-1.6024281978607178
0.3399006128311157
-1.2973912954330444
-1.296593427658081
0.18787924945354462
-1.2777717113494873
-0.19824014604091644
-0.07493267953395844
0.10319391638040543
0.11339414119720459
-0.04335141181945801
0.07106725871562958
0.01635918579995632
-0.052144214510917664
-0.03710435330867767
0.01844184659421444
0.19371895492076874
0.1110370010137558
-0.1811908781528473
-0.05449865013360977
-0.1498960703611374
-0.014065503142774105
-0.031101645901799202
0.2604845464229584
0.1803697794675827
0.37158533930778503
0.037208858877420425
-1.0256754159927368
0.46426936984062195
-1.0659024715423584
-0.2559131383895874
-0.2909531891345978
-1.2054460048675537
0.5484197735786438
-0.3420557677745819
-0.23021046817302704
0.31740474700927734
-0.7866341471672058
0.574668824672699
0.3226257264614105
0.12759153544902802
0.7779412865638733
-0.05465192347764969
-0.3511402904987335
-0.6728149056434631
0.32428663969039917
-0.880668580532074
0.42833471298217773
0.3434527516365051
-0.23146949708461761
0.862189769744873
0.5358612537384033
-0.15991123020648956
-0.0564727783203125
0.07605737447738647
-0.07724011689424515
-0.1422806829214096
0.2281535565853119
-0.18723860383033752
-0.011729155667126179
0.330957293510437
-0.12680493295192719
0.1685483306646347
0.02997630275785923
0.032535746693611145
-0.1707109808921814
0.09845533967018127
0.11328424513339996
-0.04391707852482796
0.11246892809867859
-0.11414191871881485
-0.6841992139816284
-0.026614179834723473
-0.10605821758508682
-0.3018101751804352
0.5745486617088318
-0.26562023162841797
0.3667343556880951
0.5929120182991028
-0.15032367408275604
-0.057551681995391846
-0.02170085348188877
-0.16053083539009094
-0.1945594698190689
0.00445370189845562
-0.3108687698841095
-0.2559264302253723
-0.14006468653678894
-0.06103365495800972
-0.18564316630363464
-0.49415257573127747
-0.09398454427719116
-0.6344393491744995
0.15213297307491302
-0.375189870595932
-0.12947000563144684
0.8080066442489624
0.12325609475374222
0.6288333535194397
-1.0338187217712402
0.328450471162796
-0.32086536288261414
-0.3132067620754242
0.07610674947500229
-0.7512133717536926
0.5724805593490601
-0.13781145215034485
-0.8888043165206909
-0.2641715705394745
-0.47978079319000244
-0.2947210669517517
0.40035122632980347
-0.5099399089813232
0.1740618199110031
0.630829930305481
-0.08042553067207336
-0.5329245924949646
-0.1205398365855217
-0.2578817903995514
-0.22259880602359772
0.1112193614244461
-0.3702737092971802
0.3156144618988037
0.4574054777622223
-0.0417674221098423
0.05820411071181297
0.04262088984251022
-0.03845779970288277
0.013379650190472603
-0.007168975193053484
-0.03081822581589222
-0.04794969782233238
0.0024044846650213003
0.17909255623817444
-0.604221761226654
-0.5857198238372803
-0.12528125941753387
-0.581763744354248
0.24820014834403992
-0.1422225683927536
-0.15428629517555237
0.619814395904541
0.44783321022987366
0.04837483540177345
-0.4958241283893585
0.3936142325401306
-0.3735421597957611
0.24115057289600372
-0.09065499156713486
-0.48278725147247314
0.6568886637687683
0.16998155415058136
0.16626855731010437
-0.20626264810562134
0.08018854260444641
-0.03248782455921173
-0.12250770628452301
0.11635535955429077
-0.04561389610171318
0.0006116972072049975
-0.07625460624694824
-0.4323117136955261
0.257444828748703
-0.190031960606575
-0.04597628489136696
0.27183839678764343
0.034130726009607315
0.3735920488834381
0.1392611265182495
-0.19198547303676605
-1.0673271417617798
-0.46208468079566956
-0.6363310217857361
0.009813309647142887
0.2905515432357788
-0.6896653771400452
0.6519428491592407
0.42571312189102173
0.23961609601974487
-0.7261567115783691
-0.9530974626541138
0.39092737436294556
-0.9074597954750061
-0.5765647292137146
-0.19863153994083405
0.0551779642701149
0.14164066314697266
0.04344886913895607
0.03514086827635765
0.019762208685278893
-0.04558603838086128
-0.013936972245573997
-0.0065134791657328606
0.0028424325864762068
0.016316723078489304
0.03337067365646362
0.4274826943874359
-0.5856276154518127
-0.16265438497066498
0.1512928009033203
-0.48367539048194885
0.37869295477867126
-0.24005438387393951
0.1425093710422516
0.7095498442649841
-0.03417367488145828
0.03300172835588455
-0.04267692193388939
-0.03111647255718708
-0.051107704639434814
0.029374105855822563
-0.06684868782758713
0.043214961886405945
-0.033530909568071365
0.061354152858257294