0.19269192218780518
0.00016355671687051654
-0.9488792419433594
0.00044479951611720026
0.4931371212005615
-0.6269276142120361
-0.01698324829339981
0.8527446985244751
0.18156667053699493
0.14431540668010712
-0.33273592591285706
-0.7960361242294312
0.15982723236083984
0.2974795997142792
-0.46456849575042725
0.16756322979927063
0.5749830603599548
-0.2414797991514206
0.16639059782028198
-0.039424873888492584
0.07381363213062286
0.13912664353847504
0.18460625410079956
-0.003270407672971487
-0.055662110447883606
0.2617979049682617
-0.3042565882205963
0.46881943941116333
-0.4717918932437897
-0.24162054061889648
0.30519580841064453
0.2613607943058014
-0.5572206377983093
0.028909051790833473
0.6410754323005676
-0.02446558140218258
0.27106860280036926
-0.3264943063259125
0.1356479674577713
0.2638854384422302
-0.3424299657344818
-0.02361929416656494
0.5035989284515381
0.13411936163902283
-0.5651233196258545
0.10616450756788254
0.044277068227529526
0.06515724211931229
0.02291925437748432
0.07463668286800385
0.11145757138729095
0.11088653653860092
0.03568963333964348
0.09157724678516388
0.08194109052419662
0.24196559190750122
-0.23931534588336945
0.05372905358672142
0.05726265162229538
-0.03181653469800949
0.44518163800239563
0.3053058683872223
-0.5231503844261169
-0.03270780295133591
-0.05689616501331329
-0.0406024269759655
-0.04832858219742775
-0.0030898486729711294
-0.010440455749630928
-0.0033110142685472965
0.015242815017700195
-0.017335617914795876
-1.9876970052719116
-0.5023530721664429
0.3196273744106293
-0.9754405617713928
-1.0132313966751099
0.6386504769325256
-0.4877490997314453
-1.935037612915039
0.05115419626235962
0.009401864372193813
0.03889463096857071
-0.07692447304725647
-0.11637242138385773
0.03210318833589554
-0.10470850765705109
-0.04922756925225258
-0.04636983945965767
-0.01790408417582512
-0.24618665874004364
-0.24509437382221222
0.06995341181755066
-0.26356208324432373
-0.21594707667827606
-0.040476709604263306
0.008434062823653221
0.1568189561367035
0.1487683355808258
-0.8877975344657898
-0.35812708735466003
0.6939760446548462
-0.23566457629203796
-0.5512640476226807
0.13055801391601562
0.06149456277489662
-0.8828557729721069
-0.2242172509431839
-0.7906312346458435
0.13305914402008057
0.4073355197906494
-0.425613135099411
-0.18685440719127655
0.19095098972320557
-0.04968075454235077
-0.9581206440925598
0.08981297165155411
-0.33027875423431396
0.43773579597473145
0.5814293026924133
0.0012325930874794722
-0.4046936333179474
0.1040603518486023
0.3626246750354767
-0.7695209383964539
0.09257149696350098
0.26389041543006897
0.16399307548999786
0.13468819856643677
0.06209408864378929
-0.03953582048416138
0.023900115862488747
0.05407371744513512
-0.09688925743103027
-0.2580952048301697
-0.12221738696098328
-0.05195359140634537
0.29025107622146606
0.023831123486161232
-0.011964230798184872
0.07733266800642014
-0.1968754231929779
0.026397807523608208
0.0402761772274971
0.1617608666419983
-0.5773225426673889
0.3928995132446289
0.46581557393074036
-0.5533870458602905
-0.0372764877974987
0.7348091006278992
-0.16299065947532654
-0.32471728324890137
0.0038425656966865063
0.05683630704879761
0.16505177319049835
0.08830103278160095
0.04229584336280823
0.17346031963825226
0.05698986351490021
0.03918929025530815
0.0016879357863217592
0.10037453472614288
-0.6899782419204712
-0.1963585764169693
0.2132776826620102
-0.327227383852005
-0.5645800828933716
0.34030914306640625
0.054622288793325424
-0.43922001123428345
0.49275508522987366
-0.2856930196285248
-0.4347809851169586
0.2993822693824768
0.26831167936325073
-0.5817410349845886
0.24878685176372528
0.6027110815048218
-0.3430948853492737
-0.08372993767261505
-0.7272278070449829
0.4102541208267212
0.18834218382835388
-0.6128000617027283
-0.13785357773303986
0.4226688742637634
-0.16309261322021484
-0.3039405643939972
0.14043398201465607
-0.41616469621658325
0.45414841175079346
0.3840068280696869
-0.355622798204422
0.0010197976371273398
0.34011635184288025
0.04495037719607353
-0.3214465081691742
0.035937972366809845
0.01878019981086254
0.0567469447851181
-0.004718445241451263
0.0033712913282215595
-0.013718897476792336
0.005116782151162624
-0.002759283874183893
-0.003745344700291753
0.13032126426696777
-0.5910688042640686
0.39207062125205994
0.37679553031921387
-0.3318420946598053
-0.13860642910003662
0.4964876174926758
-0.11136633157730103
-0.3636205196380615
0.28811803460121155
-0.5727192163467407
0.41344210505485535
0.39857399463653564
-0.4483032822608948
-0.059598054736852646
0.5019719004631042
-0.14817120134830475
-0.3138512074947357
-0.0996939167380333
-0.08797328919172287
0.03126631677150726
-0.02330082282423973
0.09646959602832794
-0.0870242640376091
-0.2328842133283615
0.043936531990766525
-0.05962942913174629
-0.6396048665046692
0.8456222414970398
0.5801116228103638
-0.09450159966945648
-0.10148584842681885
0.622103750705719
0.26892274618148804
-0.7215058207511902
-0.01912011206150055
-1.2473313808441162
0.5840566754341125
0.3880837559700012
-0.339691162109375
-0.3378867208957672
0.4544595181941986
-0.26121485233306885
-1.0318927764892578
0.1355597972869873
-1.872268557548523
0.7423860430717468
0.6003337502479553
-1.189838171005249
0.16683538258075714
0.6580737233161926
-0.6659439206123352
-0.6624342799186707
0.3315223157405853
0.006732326932251453
-0.016109256073832512
0.02006632462143898
0.04233574494719505
-0.0122807202860713
0.035100266337394714
0.03518771380186081
0.040404267609119415
0.046635959297418594
0.3766455352306366
-0.2874729037284851
0.47852417826652527
0.6636301279067993
-0.3157004415988922
-0.010274109430611134
0.6348099708557129
0.292249470949173
-0.25301650166511536
0.050163280218839645
-0.017400767654180527
-0.0570068284869194
-0.013364160433411598
-0.045238953083753586
-0.021897686645388603
0.041166823357343674
0.02767113596200943
0.046423643827438354
-0.4462347626686096
-0.522510290145874
-0.3399356007575989
0.09821739047765732
-0.7970198392868042
-1.2629724740982056
-0.28310421109199524
0.12365429848432541
-0.688922643661499
-0.26779672503471375
-0.2432786226272583
0.21929678320884705
-0.13973622024059296
-0.4799879491329193
0.032627351582050323
-0.3483818471431732
-0.6019392013549805
0.13218192756175995
-0.19937141239643097
-0.34077146649360657
0.18086598813533783
0.004454457201063633
-0.00731201795861125
0.07140343636274338
-0.2488512098789215
-0.04536350071430206
0.31078386306762695
-0.3774162232875824
-0.6574176549911499
-0.6109285354614258
-0.366230845451355
-1.0538567304611206
-0.48348236083984375
-0.3928928077220917
-0.3360030949115753
-0.3299266993999481
-0.9509454965591431
0.1051848754286766
0.6005101203918457
0.05100616440176964
-0.5095374584197998
0.35589802265167236
-0.06430784612894058
-0.7856945395469666
-0.3676796555519104
-0.3306577205657959
0.011283542960882187
-0.04627930372953415
-0.05220680683851242
-0.009553983807563782
0.03415965288877487
0.013284040614962578
-0.05150049179792404
-0.015316995792090893
-0.046985067427158356
0.23554015159606934
0.1349080502986908
0.003301729680970311
0.3015643060207367
0.15823426842689514
0.31211695075035095
-0.6478416323661804
-0.1835068017244339
0.15203431248664856
0.05829673260450363
-0.03002304770052433
0.057865649461746216
-0.025179462507367134
-0.0033157910220324993
0.009205461479723454
-0.029270565137267113
0.015119345858693123
-0.03861338272690773
0.21509011089801788
-0.04068503528833389
0.15458716452121735
0.31024909019470215
0.39490142464637756
0.3079287111759186
0.1437339037656784
0.4704536199569702
0.388525128364563
-0.0007208084571175277
0.07839204370975494
0.02597952075302601
0.06358504295349121
-0.022479072213172913
0.046841155737638474
-0.05241045355796814
-0.03927624225616455
-0.05021550878882408
-0.30538687109947205
0.08688807487487793
0.2069038599729538
-0.2842824161052704
-0.019935796037316322
0.08272815495729446
-0.33560431003570557
0.1352052241563797
0.09811805188655853
0.3495190739631653
0.13171067833900452
0.08442462235689163
0.3949397802352905
0.6761357188224792
0.2622402608394623
0.2067742496728897
0.9430373907089233
0.23201870918273926
0.5143350958824158
0.060574423521757126
0.12936703860759735
0.3840581774711609
-0.12934555113315582
-0.14248469471931458
0.2428387999534607
-0.15824578702449799
0.3213310241699219
0.47537967562675476
-0.2705005705356598
0.030925389379262924
0.028288627043366432
-0.3354266583919525
0.07964198291301727
0.0195618849247694
-0.4147879481315613
0.35142990946769714
-0.06312280893325806
-0.19854183495044708
-0.05896534025669098
-0.16112342476844788
-0.21237754821777344
-0.2176082730293274
0.021250806748867035
-0.43054601550102234
0.05703936889767647
0.05537286773324013
0.23694054782390594
0.17199936509132385
0.21706701815128326
0.21423675119876862
-0.07095424085855484
-0.1333865374326706
0.03900281712412834
-0.1289815753698349
0.29199737310409546
0.04604783281683922
0.08749271929264069
0.0372244268655777
0.4112447500228882
0.1672980785369873
-0.5125721096992493
-0.2996964156627655
-0.07299523055553436
-0.06116294115781784
-0.08233309537172318
-0.0701390951871872
-0.06638971716165543
-0.14968763291835785
-0.005853964947164059
-0.18379978835582733
-0.03294239565730095
-0.13904424011707306
-0.5380356907844543
0.1610892415046692
0.23426151275634766
-0.4806029796600342
0.13246585428714752
-0.058452729135751724
-0.710757851600647
-0.956611692905426
-0.7150827050209045
-0.5485539436340332
-0.06026306748390198
-0.24223974347114563
-0.6584751605987549
-0.2075410783290863
-0.48568853735923767
-0.6076950430870056
-0.529117226600647
-0.8521599173545837
0.16678348183631897
0.018529988825321198
-0.12082257866859436
0.16563431918621063
0.24269966781139374
-0.025555986911058426
-0.41558361053466797
-0.18433831632137299
-0.14546190202236176
-0.32166051864624023
-0.02073167823255062
0.38312774896621704
-0.16325873136520386
-0.32561907172203064
0.22807207703590393
-0.36856889724731445
-0.8297609090805054
-0.19072236120700836
-0.047930337488651276
0.03130682557821274
0.022261502221226692
-0.02452685311436653
-0.038773294538259506
-0.03506729379296303
0.03941836580634117
0.0547635443508625
-0.0021881801076233387
-0.4028508961200714
0.13361330330371857
-0.04203316941857338
-0.5076788067817688
-0.2548840343952179
-0.13106699287891388
-0.9172462821006775
-0.9789277911186218
-0.605936586856842
-0.22164104878902435
0.09945440292358398
0.15668153762817383
-0.5031046867370605
-0.061080701649188995
0.2740940749645233
-0.5762221813201904
-0.4856295883655548
-0.5765844583511353
-0.16351759433746338
-0.08290916681289673
-0.055037692189216614
-0.21958695352077484
-0.02330528385937214
-0.09074635803699493
0.02139417827129364
0.07379795610904694
-0.035890210419893265
0.6634076833724976
0.11382942646741867
0.16330336034297943
0.11990886181592941
0.08120039105415344
0.04226188734173775
0.3455909490585327
-0.2834901213645935
0.32993602752685547
0.3221755027770996
0.017489736899733543
-0.5686622858047485
0.13993550837039948
0.31580400466918945
0.3261702060699463
-0.00832910556346178
0.17426995933055878
0.4096801280975342
0.742378830909729
0.32581430673599243
0.10618825256824493
0.4800589382648468
0.3161851763725281
0.25595104694366455
0.052529290318489075
0.25165683031082153
0.42733123898506165
0.04056181758642197
-0.021197574213147163
0.0027709936257451773
0.007255264092236757
0.009419159963726997
-0.002882127882912755
-0.05141076073050499
-0.004780527204275131
-0.006650983355939388
-0.3457595407962799
0.4398094415664673
0.14664116501808167
-0.38680657744407654
0.06415654718875885
-0.32470062375068665
-0.7841906547546387
-0.21528811752796173
-0.15990997850894928
-0.011135812848806381
0.04956613481044769
0.02342732436954975
-0.005956685170531273
-0.04002273455262184
-0.026027046144008636
-0.016224239021539688
-0.04670247808098793
-0.022337740287184715
-0.8467316627502441