-0.5811507701873779
-0.6827405095100403
-0.5758239030838013
-0.447213351726532
-0.7433342933654785
-0.7507559061050415
-0.3106285631656647
-0.7274997234344482
-0.49310362339019775
-0.7759090662002563
-0.8203678131103516
-0.6266323924064636
-0.4261211156845093
-0.5400554537773132
-0.4059394598007202
-0.45141932368278503
-0.541558563709259
-0.7867933511734009
-0.6897474527359009
-0.8969957828521729
-0.6206302046775818
-0.31295809149742126
-0.7435780167579651
-0.438641756772995
-0.6063145995140076
-0.6849568486213684
-0.4844270944595337
-0.865394651889801
-0.07815593481063843
-0.32653817534446716
0.012220273725688457
-0.06899603456258774
0.10787629336118698
0.22398851811885834
0.2422827184200287
0.4331466555595398
0.5640235543251038
-0.22465652227401733
-0.46842873096466064
-0.3212435245513916
0.06337246298789978
0.0402362160384655
0.04674474149942398
0.3965529501438141
0.16506414115428925
0.5460246205329895
-0.6263629198074341
-0.5797371864318848
-0.13484466075897217
0.019199462607502937
-0.16346463561058044
0.07309341430664062
0.08464965224266052
0.38932010531425476
0.5497129559516907
0.4439467489719391