0.17715896666049957
0.36017656326293945
-0.5654914975166321
0.13333137333393097
0.41835764050483704
-0.27855318784713745
-0.17209185659885406
0.3056013584136963
0.22397130727767944
0.4497988224029541
-0.058834370225667953
-0.6249526739120483
-0.15624862909317017
0.1056789755821228
-0.47508275508880615
-0.08672936260700226
-0.14968401193618774
-0.11829976737499237
0.2914760708808899
0.08341102302074432
-0.106366366147995
0.05491358041763306
-0.2954384684562683
-0.08933356404304504
0.14389951527118683
-0.11819877475500107
-0.1427878737449646
0.3640364110469818
0.3020615875720978
0.025771815329790115
0.1200864389538765
0.38703346252441406
-0.19705337285995483
0.17866560816764832
0.4001927375793457
-0.24360719323158264
0.08530092239379883
-0.07316919416189194
-0.31072136759757996
0.3908933997154236
0.3290286660194397
-0.3308427929878235
0.34269872307777405
0.4021735191345215
-0.5885579586029053
0.002663663122802973
0.016525255516171455
0.05462340638041496
0.08400248736143112
0.008867979049682617
0.08362138271331787
0.09017743915319443
0.02843491919338703
0.05005577951669693
-0.38886430859565735
-0.18801350891590118
-0.4243840277194977
-0.17344599962234497
0.04616984352469444
0.15847636759281158
-0.45749250054359436
0.025724664330482483
0.02808920294046402
-0.043609991669654846
-0.006413415540009737
-0.02116590179502964
-0.05811893194913864
0.021830366924405098
-0.023840434849262238
0.03549899160861969
-0.024526290595531464
-0.05685840919613838
-1.1685619354248047
-1.266452431678772
-0.3362162709236145
-1.43401300907135
-1.7922204732894897
-0.043560102581977844
-1.0877472162246704
-1.3452115058898926
-0.3760550320148468
-0.07053382694721222
-0.039097368717193604
-0.061500199139118195
-0.0020300792530179024
-0.08522266894578934
0.06308199465274811
-0.09403719753026962
0.011210530065000057
-0.05149860307574272
0.05991215258836746
0.22808639705181122
-0.036017391830682755
0.04127970337867737
0.12307612597942352
-0.1536111682653427
-0.042677536606788635
0.02986878529191017
-0.3073336184024811
-0.5879831314086914
-0.9688530564308167
0.23958690464496613
-0.20700547099113464
-0.5150921940803528
0.19977720081806183
-0.009380707517266273
-0.36011260747909546
-0.561668336391449
-0.05386291816830635
0.0701066255569458
0.024782046675682068
0.07823950052261353
-0.325716495513916
-0.1713714748620987
0.5075824856758118
-0.8732394576072693
-0.4882625341415405
0.21150009334087372
0.08674438297748566
0.3614054322242737
-0.3265276849269867
-0.5893325805664062
-0.5123537182807922
0.1192927286028862
-0.09192971140146255
-0.25383704900741577
0.16426986455917358
0.033515673130750656
0.26177215576171875
0.1509707272052765
0.05870965123176575
0.14481307566165924
0.017999954521656036
-0.04215116426348686
0.19394512474536896
-0.09730300307273865
0.01530531607568264
-0.12411119043827057
-0.060556355863809586
-0.03186412900686264
-0.21987095475196838
0.03999358043074608
-0.026345718652009964
-0.11227042973041534
-0.046324919909238815
-0.19435091316699982
-0.0711224302649498
0.3150928318500519
-0.089137002825737
-0.11867937445640564
0.15512821078300476
0.22514650225639343
-0.5452457070350647
-0.04759100079536438
-0.07959786057472229
-0.026897765696048737
-0.130380779504776
-0.014707701280713081
-0.0932440236210823
-0.17193393409252167
0.07529508322477341
-0.04097842425107956
0.12288147211074829
0.0986846387386322
-0.6140958666801453
0.01849980279803276
0.014084292575716972
-0.25080394744873047
0.05808728188276291
0.3004956841468811
-0.22712191939353943
0.3439513146877289
0.2322942167520523
-0.45881932973861694
0.22420835494995117
0.5016400218009949
-0.23375321924686432
0.16749301552772522
0.38941389322280884
0.056078702211380005
0.12932372093200684
-0.5955967307090759
-0.20688770711421967
0.1758633702993393
-0.19961373507976532
-0.5153415203094482
0.10421596467494965
-0.0654735118150711
-0.40427684783935547
0.12229982763528824
-0.10964430123567581
-0.42127880454063416
0.3619759678840637
0.040111180394887924
-0.7024324536323547
0.15898695588111877
0.17545749247074127
-0.7256155014038086
-0.040854547172784805
-0.058758776634931564
0.0023363123182207346
-0.05244515836238861
-0.04258367791771889
0.05165228992700577
0.051216933876276016
0.05038317292928696
0.034039705991744995
0.277954638004303
-0.1302841603755951
-0.3849172592163086
0.19365857541561127
0.32953497767448425
-0.8961240649223328
0.2685615122318268
0.1232462003827095
-0.39764469861984253
0.327077716588974
-0.13681088387966156
-0.3297709822654724
0.38439884781837463
-0.24689307808876038
-0.6997936964035034
0.2083786427974701
0.24716435372829437
-0.7702290415763855
-0.12410067021846771
0.16720275580883026
0.06890879571437836
-0.13632814586162567
0.04976236820220947
0.03176672011613846
0.050567638128995895
0.08265754580497742
0.09803993254899979
0.06410586833953857
-0.31194186210632324
0.25491899251937866
0.1709602326154709
-0.21359577775001526
0.0005300542688928545
0.2408546358346939
-0.3925183415412903
-0.6720708012580872
-0.6048119068145752
-0.1144777238368988
0.2294391244649887
-0.5532010793685913
-0.3606368601322174
-0.42256397008895874
-0.8137535452842712
-1.1547019481658936
-0.9153467416763306
-0.8768039345741272
-0.3417256772518158
0.31624650955200195
-0.80169677734375
-0.39219897985458374
0.4256366789340973
-0.4312250316143036
-0.7862756252288818
0.2649722099304199
-0.008397302590310574
-0.011971334926784039
0.029266610741615295
0.0488700233399868
-0.002021116903051734
0.04021213948726654
-0.03928682580590248
-0.03719405457377434
-0.028156181797385216
0.13452047109603882
-0.28940320014953613
-0.157675638794899
0.13978011906147003
0.06609965115785599
-0.2811448872089386
0.29835325479507446
0.3129412531852722
-0.517623245716095
-0.05498861148953438
0.05269426479935646
-0.011540872976183891
0.05074169859290123
0.04027272388339043
-0.05357838049530983
-0.013332379050552845
0.015052638947963715
-0.05364662781357765
-0.23121966421604156
-0.5247108340263367
0.4744410812854767
0.5705824494361877
0.13368195295333862
0.017947155982255936
0.31755760312080383
0.35846421122550964
-1.1177027225494385
0.06977782398462296
-0.724789023399353
0.40433767437934875
0.4635962247848511
-0.2774640917778015
-0.2717108428478241
-0.006084506865590811
0.1132216602563858
-1.1601125001907349
-0.2532763183116913
-0.25555354356765747
0.8441855311393738
0.20560753345489502
-0.2842443585395813
0.4969135820865631
0.12664324045181274
0.03500134125351906
-0.17055633664131165
-0.07943267375230789
-0.10287440568208694
0.2235381305217743
0.36695846915245056
0.04655861482024193
-0.19403766095638275
0.04174051433801651
0.3614043891429901
-0.7115926146507263
0.0388905368745327
-0.4101371765136719
0.3540264964103699
0.15555794537067413
-0.5922115445137024
0.1723736673593521
-0.03557216376066208
-0.7721104621887207
-0.016108715906739235
0.27939683198928833
-0.012523981742560863
0.009942790493369102
0.10130109637975693
0.02094944752752781
0.07084379345178604
0.11315202713012695
-0.04387043043971062
0.02695549838244915
0.11036638915538788
0.08595924824476242
-0.2664303481578827
-0.2073555886745453
-0.2115420699119568
-0.0913860872387886
-0.28798720240592957
-0.051333293318748474
-0.026276854798197746
-0.011740344576537609
0.040200185030698776
-0.010304819792509079
0.035461973398923874
0.055163685232400894
0.05648422986268997
-0.04054492339491844
0.025174874812364578
-0.047873854637145996
-0.03303800895810127
0.00909015629440546
-0.24510382115840912
-0.5994300246238708
-0.3578556478023529
-0.5570869445800781
-0.723089873790741
-0.5077573657035828
-0.15805105865001678
-0.32724839448928833
0.1570110321044922
0.09303583204746246
0.005973225925117731
0.06220994517207146
0.08000386506319046
0.008411122485995293
0.07143259793519974
0.09903786331415176
0.03882154822349548
0.003793128067627549
-0.14268633723258972
-0.14783070981502533
-0.31493183970451355
-0.008824502117931843
0.05866074189543724
0.05676399916410446
-0.05465863645076752
0.001548890140838921
-0.23809552192687988
0.09418591856956482
-0.411752849817276
-0.5407755374908447
0.008402971550822258
-0.496404230594635
-0.5121997594833374
-0.17616766691207886
-0.12782388925552368
0.4057431221008301
0.08682075887918472
-0.7552394866943359
-0.022327985614538193
0.38834965229034424
-0.43284982442855835
-0.2666628658771515
0.4623697102069855
-0.03543775901198387
0.02043214626610279
0.3259546756744385
-0.2966429889202118
-0.22245262563228607
0.4143621623516083
-0.2103884518146515
-0.2836121916770935
0.5809552669525146
0.0750759020447731
0.20039735734462738
0.23295173048973083
-0.04216490313410759
0.07194629311561584
0.21599693596363068
-0.06025205925107002
0.1485440731048584
0.27338647842407227
0.07624027132987976
-0.18774056434631348
0.14071273803710938
-0.07462714612483978
0.18338197469711304
0.24438044428825378
-0.11472802609205246
0.038055170327425
0.030198385939002037
-0.16823306679725647
-0.11538175493478775
0.5095272064208984
-0.44739243388175964
-0.07502040266990662
0.46901875734329224
-0.19899524748325348
-0.25222453474998474
0.549971878528595
0.17914582788944244
0.10666998475790024
0.16595491766929626
0.11076042056083679
0.13380064070224762
0.1827809065580368
0.1664140522480011
0.07417379319667816
0.13861249387264252
0.1964886486530304
-0.5197995901107788
0.4604506492614746
0.06869060546159744
-0.523461103439331
0.32794636487960815
0.07997667789459229
-0.7082874774932861
-0.27937600016593933
0.1476908028125763
-0.432714581489563
0.5567145943641663
0.31665122509002686
-0.1390639841556549
0.09189195185899734
0.37015679478645325
-0.18562744557857513
-0.27714335918426514
-0.11875133961439133
-0.058453112840652466
0.4906068444252014
-0.4588129222393036
-0.42833420634269714
0.42540204524993896
-0.16271287202835083
-0.5603125691413879
0.1041422113776207
0.04207691550254822
-0.038594670593738556
0.5278086066246033
-0.08411647379398346
-0.39969637989997864
0.34084680676460266
0.26441481709480286
-0.6636836528778076
0.43902724981307983
0.2983073592185974
0.056115031242370605
0.005356133915483952
-0.02831934578716755
0.039592672139406204
-0.02086455188691616
-0.00559580884873867
0.019841331988573074
-0.009735669009387493
-0.004866513889282942
-0.10142295062541962
0.48778772354125977
-0.046331584453582764
-0.2204214334487915
0.33822646737098694
0.09591025859117508
-0.5237966775894165
0.29011815786361694
0.4280339479446411
-0.2729572057723999
0.2998947501182556
0.17298473417758942
-0.176165372133255
0.04150089994072914
0.21698184311389923
-0.6583877205848694
-0.2870698869228363
0.2285155951976776
0.03239457309246063
-0.07432525604963303
0.09941482543945312
-0.08867191523313522
-0.04312998056411743
0.07146765291690826
-0.1706833392381668
-0.020750995725393295
0.21418465673923492
0.3429568111896515
0.42200541496276855
-0.5666444301605225
0.0035567982122302055
0.15573936700820923
0.03622301295399666
-0.17482730746269226
0.3129403293132782
-0.08255944401025772
0.407263845205307
0.12384232878684998
-1.299513816833496
-0.20923848450183868
0.47452104091644287
-0.7592252492904663
-0.25775203108787537
0.6158813834190369
0.04146556183695793
0.7499687671661377
0.44125381112098694
-1.035681962966919
0.6308826804161072
0.7886267900466919
-0.8915190696716309
0.3287612497806549
0.6345701813697815
-0.8644862771034241
-0.03177706524729729
0.028783144429326057
0.003253694623708725
-0.007269544526934624
-0.04445255547761917
0.052461545914411545
0.05440031364560127
0.04605991765856743
-0.01469313632696867
-0.07759428024291992
0.6300791501998901
-0.10380996763706207
-0.5864998698234558
0.44283539056777954
-0.16956813633441925
-0.7463898658752441
0.1851186454296112
0.17326924204826355
0.027059406042099
0.027898719534277916
0.0520903617143631
-0.04982510954141617
-0.07794445753097534
-0.021117474883794785
0.08127651363611221
-0.06603573262691498
-0.06282126158475876
-0.5788698196411133