0.022256022319197655
0.01701560989022255
-0.6961851119995117
0.32908105850219727
0.05357052758336067
-0.5915670394897461
0.0002840590022969991
-0.015641435980796814
-0.5348401069641113
0.7062848806381226
0.7062812447547913
-0.30462437868118286
0.850396990776062
0.8891485333442688
0.14508098363876343
0.5794436931610107
0.31182631850242615
-0.26622530817985535
0.6048923134803772
0.4514780640602112
-0.22106997668743134
0.9885550141334534
0.6012564897537231
0.0605342723429203
0.4842408299446106
0.38735154271125793
-0.5109928250312805
-0.42958953976631165
0.40885281562805176
0.2249780297279358
-0.3096073865890503
0.27648064494132996
0.27034735679626465
-0.39027640223503113
0.25145459175109863
-0.02592257782816887
-0.41392379999160767
0.30859556794166565
0.02101324312388897
-0.6362063884735107
0.5271751284599304
0.263633131980896
-0.5722495913505554
0.6945725083351135
0.2222873419523239
-0.5867488980293274
0.28694668412208557
0.21273469924926758
-0.4335208535194397
0.6495095491409302
0.121104896068573
-0.42031848430633545
0.3757230043411255
0.07964663207530975
-0.31834837794303894
-0.1930299550294876