-0.5474478006362915
-1.3062480688095093
-0.6835637092590332
0.038188718259334564
-0.17336827516555786
-0.1764867752790451
0.24738828837871552
0.3885854482650757
0.23367519676685333
0.26839199662208557
0.6964701414108276
0.46316465735435486
-0.09964849054813385
-0.5551888942718506
-0.2814687490463257
-0.28238195180892944
-0.9041273593902588
-0.4385996162891388
-0.2259969860315323
-0.14832614362239838
-0.26952943205833435
-0.17773164808750153
-0.49987515807151794
-0.5892136096954346
-0.15971031785011292
-0.0011412083404138684
0.01136034820228815
0.3337550163269043
-0.28499770164489746
-0.05938206985592842
0.0450470894575119
-0.47538232803344727
0.19604694843292236
0.062067363411188126
0.29201602935791016
0.40179064869880676
-0.29716941714286804
-0.1302228420972824
0.1742277890443802
-0.32489094138145447
-0.24634315073490143
-0.29320991039276123
-0.06236494332551956
0.19430240988731384
0.025434786453843117
-0.020090997219085693
0.03807465359568596
0.002895365236327052
0.009594769217073917
-0.027835914865136147
0.026683172211050987
-0.0018464733147993684
0.040199290961027145
0.0391722209751606
-0.002854769816622138
0.288534939289093
0.45544055104255676
-0.0016699807019904256
-0.012168305926024914
0.39217302203178406
0.011616313830018044
-0.1122238039970398
0.02616022154688835
-0.028520189225673676
0.03466761112213135
-0.003958354704082012
0.007705104071646929
0.004810599144548178
-0.011457149870693684
0.053973063826560974
0.022743837907910347
0.031137213110923767
0.44382917881011963
0.5103322267532349
0.27789074182510376
0.19467520713806152
0.41810983419418335
0.2583019435405731
-0.7755345106124878
-0.7911773920059204
-0.41474178433418274
0.01821204088628292
0.012943251989781857
-0.03113577328622341
0.018754540011286736
-0.0083421366289258
-0.08561315387487411
0.049116335809230804
-0.002099888166412711
-0.03684673458337784
-0.3515552878379822
0.062270451337099075
-0.004962986335158348
0.0685899555683136
-0.24101977050304413
-0.03608465567231178
0.3739986717700958
0.012988352216780186
0.19907978177070618
0.5057121515274048
0.6046398282051086
0.265728235244751
0.08791982382535934
0.0763678029179573
0.04585991054773331
-1.0806670188903809
-0.36037081480026245
-0.3866429328918457
-0.31013089418411255
-0.669783890247345
-0.6415731906890869
-0.04627595469355583
0.29275768995285034
-0.50093674659729
-0.4123420715332031
-0.3219749331474304
-0.1594063937664032
-0.2971356213092804
-0.3075045049190521
-0.30160945653915405
-0.5494153499603271
-0.5822129249572754
-0.3971899747848511
-0.3112592399120331
-0.16909976303577423
-0.02352021262049675
0.19668211042881012
0.14891454577445984
0.13748730719089508
0.2748286724090576
0.18293674290180206
0.19949103891849518
0.24939145147800446
0.25687354803085327
0.07559937983751297
0.007417636923491955
0.10284022986888885
-0.031589895486831665
0.05053601786494255
0.039774928241968155
-0.01729384809732437
0.03440559282898903
-0.03806845843791962
-0.02498675510287285
-0.006207780446857214
0.17092818021774292
-0.3180787265300751
-0.43949469923973083
-0.10664144903421402
-0.30493131279945374
0.1416354924440384
0.4150844216346741
0.24373148381710052
-0.09230446070432663
-0.0077810431830585
0.01286569144576788
-0.06970371305942535
-0.03954753279685974
0.052252836525440216
-0.0023878959473222494
-0.03265168517827988
0.004756801296025515
-0.1317806839942932
0.0966869443655014
-0.14970549941062927
-0.35983118414878845
-0.5967269539833069
-0.23344101011753082
0.030175572261214256
0.36134016513824463
0.22373415529727936
0.1972476989030838
0.4373131990432739
-0.35468384623527527
-0.1331128627061844
-0.08050806820392609
-0.252144455909729
0.3235040605068207
0.16957969963550568
0.1382889747619629
-0.034643061459064484
0.13909317553043365
0.04300073906779289
-0.36463040113449097
-0.028085628524422646
-0.6201090812683105
-0.10113822668790817
0.04279407113790512
-0.3324873149394989
-0.1310259997844696
0.007095664739608765
-0.13682334125041962
0.18694564700126648
-0.025498146191239357
0.49642375111579895
0.052480123937129974
0.1494668871164322
-0.06594788283109665
-0.014867933467030525
0.02203579805791378
0.0455029122531414
0.013908544555306435
-0.057438924908638
-0.03531549125909805
0.041292011737823486
0.018740834668278694
0.011615622788667679
0.3468400835990906
-0.4931313991546631
-0.29980960488319397
0.09706953912973404
-0.33918261528015137
0.1085391417145729
-0.040419623255729675
-0.012781806290149689
-0.020108258351683617
0.1278148591518402
0.0625271275639534
-0.14744526147842407
0.12153106927871704
-0.23318256437778473
-0.4126920998096466
0.22439362108707428
0.21990860998630524
0.4005177915096283
-0.04774630442261696
-0.04446260258555412
0.022724159061908722
-0.08625032752752304
-0.09205898642539978
-0.09928959608078003
-0.0214698389172554
0.08563748002052307
-0.10820095986127853
0.11835168302059174
0.414002925157547
-0.5910310745239258
-0.2661850154399872
-0.17340371012687683
-0.49890875816345215
0.06709007173776627
0.07050151377916336
-0.28571802377700806
0.2111411690711975
-0.3252880871295929
0.002132327761501074
-1.0880873203277588
-0.7898497581481934
-0.8605397939682007
-0.37792280316352844
-1.3127535581588745
-1.5640233755111694
0.6441852450370789
0.42051079869270325
-0.09570086002349854
-0.305165559053421
0.016683094203472137
-0.3309915363788605
-1.0156813859939575
-1.0974442958831787
-0.8283612132072449
0.05238362401723862
0.0442623607814312
0.04982634261250496
0.056634820997714996
-0.049339644610881805
0.01535707525908947
-0.028787940740585327
-0.029294602572917938
-0.024229779839515686
0.16208001971244812
-0.14407071471214294
0.06819530576467514
0.08961134403944016
-0.3705122768878937
-0.7738138437271118
-0.3718331754207611
0.175806924700737
0.1474611759185791
0.05516688898205757
0.00404892535880208
-0.031490445137023926
-0.02178669162094593
-0.01565367542207241
-0.002606464084237814
0.03801041841506958
-0.047942448407411575
0.025477157905697823
-0.182234987616539
0.46264487504959106
-0.06417199969291687
-0.3310110867023468
0.5515657663345337
0.5356886982917786
0.3019545376300812
-0.6207341551780701
0.03632037341594696
0.23014158010482788
0.44991493225097656
-0.22119569778442383
0.007294480223208666
-0.7024520635604858
-0.4130285084247589
-0.502225935459137
0.05048045143485069
0.4068491458892822
0.25822576880455017
-0.00437982939183712
-0.4333462715148926
-0.3944283127784729
0.09487178176641464
0.039970193058252335
0.20065096020698547
0.25518590211868286
0.4140239953994751
0.36647510528564453
0.17417287826538086
-0.20629547536373138
-0.55385822057724
-0.18127024173736572
0.12478993833065033
-0.01978486403822899
-0.3053109645843506
0.0678093209862709
0.11468575149774551
-0.7456569075584412
-0.9835088849067688
-0.4570080041885376
0.18302367627620697
0.3049671947956085
-0.15780822932720184
0.6450439691543579
0.8885145783424377
0.5220158696174622
0.11920677125453949
-0.10791423916816711
-0.05207977816462517
0.09303957968950272
-0.0028576578479260206
-0.08666440099477768
-0.04612450674176216
-0.09228915721178055
-0.08642061799764633
0.20682023465633392
0.34729039669036865
0.04687654972076416
0.09143758565187454
0.4882628619670868
0.048704151064157486
0.5039202570915222
-0.24241092801094055
-0.09300626814365387
0.049788277596235275
-0.039221975952386856
-0.045017682015895844
-0.008826406672596931
0.05243479460477829
0.04164179414510727
0.006697267759591341
0.04649797081947327
-0.05345531180500984
0.06642544269561768
0.1497780829668045
0.27959129214286804
-1.399493932723999
-0.8678574562072754
-0.29109928011894226
0.1366150975227356
0.28635650873184204
-0.2549101710319519
0.04624394327402115
0.13084454834461212
0.10330874472856522
0.052836693823337555
0.020284881815314293
0.10495810955762863
-0.060860928148031235
0.03329801931977272
0.12482479959726334
-0.1016211062669754
0.001517577446065843
0.004130986053496599
0.09834008663892746
0.07716315239667892
0.21504797041416168
0.0029763011261820793
0.14010965824127197
0.1751701831817627
-0.5489582419395447
-0.1745373010635376
0.19470393657684326
-0.7779683470726013
-0.9399374723434448
-0.3246285021305084
0.6279252171516418
0.33101028203964233
0.03038114495575428
-0.23228129744529724
0.349293053150177
0.2680809199810028
0.19193445146083832
-0.08925141394138336
0.0735480859875679
-0.016236886382102966
-0.27257606387138367
-0.31499001383781433
-0.7301127910614014
-0.2180839478969574
0.1061151847243309
0.23615647852420807
-0.047453463077545166
-0.003875323571264744
0.6895606517791748
0.0801670178771019
-0.05891510471701622
-0.12269964069128036
-0.05425221100449562
0.00993319135159254
0.016581645235419273
-0.0003232657618355006
0.1766483336687088
0.18392275273799896
0.1256493479013443
0.0007646498270332813
-0.03010735660791397
0.13388967514038086
0.25536608695983887
-0.019142640754580498
0.0661003589630127
0.13647952675819397
0.1417534053325653
-0.10846191644668579
0.059725284576416016
-1.0613726377487183
-0.6490793824195862
-0.4226226806640625
0.19714979827404022
0.22405403852462769
-0.0127554377540946
0.628474235534668
0.5283550024032593
0.5432657599449158
-0.002417971147224307
0.034017834812402725
0.03658008202910423
0.05848038196563721
-0.02430056780576706
-0.016582800075411797
0.023994946852326393
0.09278818219900131
-0.003664761781692505
-0.6278215646743774
-0.9447529911994934
-0.6219490766525269
0.19353145360946655
0.1414715051651001
-0.01346002146601677
0.538813054561615
0.5473849177360535
0.6985597014427185
-0.4047097861766815
-0.7190298438072205
-0.6578463912010193
0.19535961747169495
0.37518295645713806
-0.19147025048732758
0.3306448459625244
0.4868420660495758
0.5863323211669922
-0.9745903611183167
-0.8249558806419373
-0.1896960288286209
0.05742677301168442
0.05737757310271263
-0.21236087381839752
0.7879822254180908
0.6882887482643127
0.3213678002357483
-0.6264482140541077
-0.6938591599464417
-0.26360833644866943
0.3421438932418823
0.25030001997947693
0.08568026125431061
0.47451215982437134
0.4601670801639557
0.44047075510025024
-0.008298903703689575
0.035234443843364716
0.004850940778851509
-0.03338426724076271
-0.0417318269610405
0.04312828183174133
0.0322941392660141
0.04173725098371506
0.011199590750038624
-0.8255109190940857
-0.7916348576545715
-0.38398879766464233
0.02602975070476532
0.2093607634305954
0.05776847526431084
0.7730321288108826
0.7113114595413208
0.3798624873161316
-0.7804328203201294
-0.9259911179542542
-0.4464384615421295
0.2511756122112274
0.31391024589538574
-0.1532861739397049
0.43517205119132996
0.6776825189590454
0.8168656229972839
0.06143856793642044
-0.123257577419281
-0.03791402280330658
-0.06972872465848923
-0.07190892100334167
0.03425285965204239
0.018698101863265038
0.020625857636332512
-0.04518023878335953
-0.8092371821403503
-0.20312650501728058
0.13865721225738525
0.08574341237545013
-0.4921283721923828
-0.1354500949382782
0.6541149020195007
0.3584883213043213
0.10188931971788406
-0.48097243905067444
0.5974925756454468
0.7782177925109863
-1.0737725496292114
-1.3495821952819824
-0.3228974938392639
0.7690150737762451
0.30702105164527893
-0.7619958519935608
-0.43991801142692566
0.42353954911231995
0.32069095969200134
-1.2423911094665527
-1.0405561923980713
-0.652836799621582
0.46101316809654236
0.08597877621650696
-0.0697958916425705
-0.0006860313005745411
-0.04198294132947922
0.0023723547346889973
-0.044655561447143555
0.05182937905192375
-0.04005024582147598
0.031132865697145462
-0.024494238197803497
-0.008890540339052677
-0.76572185754776
-0.8960795402526855
-0.10940347611904144
-0.10485835373401642
0.11862721294164658
-0.14981360733509064
0.6774435043334961
0.6616165637969971
0.54270339012146
0.02299749292433262
0.04389726743102074
-0.001486338209360838
-0.007418091408908367
-0.017534131184220314
0.07875368744134903
0.0766889676451683
0.04709280654788017
-0.018246859312057495
-0.17730703949928284