-0.21543832123279572
0.1726807802915573
-0.3119233250617981
-0.07406610995531082
0.11087741702795029
-0.27286669611930847
-0.3056243658065796
-0.3860096335411072
-0.4882819652557373
0.28425076603889465
0.6405979990959167
0.331030935049057
0.40686455368995667
0.7447212934494019
0.08379722386598587
0.12153400480747223
0.23861144483089447
-0.20299383997917175
0.26531192660331726
0.6870449185371399
0.1851245015859604
0.4932071268558502
0.709019124507904
0.427434504032135
0.1271541267633438
0.3873041868209839
0.013339689001441002
-0.4682096242904663
-0.23509719967842102
-0.2828260064125061
-0.5546191334724426
-0.24015682935714722
-0.4597140848636627
-0.44746148586273193
-0.09824170917272568
-0.2981754243373871
-0.0027369516901671886
-0.22150343656539917
-0.18029358983039856
-0.09648633003234863
-0.12171411514282227
-0.1939062625169754
-0.30632665753364563
0.0892491340637207
-0.015086079947650433
0.008998879231512547
-0.03602021560072899
0.10339675098657608
-0.285409152507782
-0.058548204600811005
-0.188376784324646
-0.024690652266144753
-0.0930660292506218
0.06439204514026642
0.2487415373325348
-0.41988617181777954