-0.0019091665744781494
0.3816365897655487
-0.10887196660041809
-0.04379861056804657
0.41947686672210693
-0.011384056881070137
-0.1475158929824829
-0.0016303269658237696
-0.27018675208091736
0.4763961732387543
0.6920957565307617
0.47045454382896423
0.42013442516326904
0.657538652420044
0.10967013239860535
-0.2106049656867981
0.40490394830703735
-0.03845958411693573
0.23250311613082886
0.5749898552894592
0.0848212018609047
0.14298535883426666
0.4882899820804596
0.26531028747558594
-0.11544615030288696
-0.05931660905480385
-0.22216781973838806
-0.4824221730232239
-0.5811507701873779
-0.6827405095100403
-0.5758239030838013
-0.447213351726532
-0.7433342933654785
-0.7507559061050415
-0.3106285631656647
-0.7274997234344482
-0.49310362339019775
-0.7759090662002563
-0.8203678131103516
-0.6266323924064636
-0.4261211156845093
-0.5400554537773132
-0.4059394598007202
-0.45141932368278503
-0.541558563709259
-0.7867933511734009
-0.6897474527359009
-0.8969957828521729
-0.6206302046775818
-0.31295809149742126
-0.7435780167579651
-0.438641756772995
-0.6063145995140076
-0.6849568486213684
-0.4844270944595337
-0.865394651889801
-0.6697089076042175
-0.4928041696548462
-0.1106121614575386
-0.620596170425415
-0.3654991090297699
-0.3740897476673126
-0.3775779604911804
-0.4098959267139435
-0.40554141998291016
-0.646381676197052
-0.26851028203964233
-0.07002285122871399
-0.3342331647872925
-0.11779938638210297
0.11753331869840622
-0.37923282384872437
-0.20338518917560577
-0.11698517203330994
-0.6863235831260681
-0.3180047273635864
-0.14613188803195953
-0.2988012731075287
-0.23173555731773376
-0.11142095923423767
-0.5356206297874451
-0.11882104724645615
-0.16926388442516327
-0.693733811378479
-0.07815593481063843
-0.32653817534446716
0.012220273725688457
-0.06899603456258774
0.10787629336118698
0.22398851811885834
0.2422827184200287
0.4331466555595398
0.5640235543251038
-0.22465652227401733
-0.46842873096466064
-0.3212435245513916
0.06337246298789978
0.0402362160384655
0.04674474149942398
0.3965529501438141
0.16506414115428925
0.5460246205329895
-0.6263629198074341
-0.5797371864318848
-0.13484466075897217
0.019199462607502937
-0.16346463561058044
0.07309341430664062
0.08464965224266052
0.38932010531425476
0.5497129559516907
0.4439467489719391