-0.8020671606063843
0.04831213504076004
0.2974119782447815
-1.0105842351913452
-1.1831656694412231
-0.5682151317596436
0.6359022259712219
-0.8333803415298462
-0.5635382533073425
-0.7379323244094849
-0.02894214354455471
0.032185059040784836
0.35432735085487366
0.2527414560317993
0.21251991391181946
0.36888277530670166
0.15584583580493927
-0.5115414261817932
0.0532475970685482
-0.0763743668794632
0.055091869086027145
0.13398145139217377
-0.11606734991073608
0.04902016371488571
0.2878917157649994
-0.014663922600448132
-0.31706106662750244
-0.16927696764469147
-0.48249754309654236
-0.11741489171981812
0.2422289252281189
-0.22197160124778748
0.20394733548164368
-0.04066593572497368
-0.08026853948831558
-0.48782944679260254
0.47876548767089844
0.8070962429046631
0.7116870880126953
0.022439628839492798
0.021378779783844948
0.2720169126987457
-0.8157944083213806
-0.2934722900390625
-0.6673359274864197
-0.04554370790719986
-0.10336531698703766
-0.002839497523382306
-0.03483936935663223
-0.10887806862592697
0.11918836086988449
0.010692451149225235
-0.08573679625988007
0.041896648705005646
0.11455351114273071
0.2504131495952606
0.3739411234855652
0.18824675679206848
0.1452494114637375
0.025773238390684128
-0.01586875319480896
-0.3159117102622986
-0.10994041711091995
0.02804657816886902
-0.0031713114585727453
-0.02834605984389782
0.04837898537516594
-0.051604557782411575
0.055655285716056824
-0.04271604120731354
0.01874106004834175
-0.04317554831504822
0.5124380588531494
0.5073097944259644
0.3471321761608124
0.9886109828948975
1.6856309175491333
1.012425422668457
0.9313710331916809
1.0388411283493042
0.5917790532112122
-0.0027993363328278065
-0.03792618215084076
-0.13177864253520966
0.0032816885504871607
0.05605442821979523
0.04157859459519386
-0.004894597455859184
0.062307994812726974
-0.020130453631281853
-0.08860069513320923
0.00828254409134388
-0.09445223957300186
-0.2893918454647064
0.11433450132608414
-0.16364739835262299
-0.1853366494178772
-0.21590691804885864
-0.13756206631660461
0.4128261208534241
0.35959693789482117
0.14169612526893616
0.48003920912742615
0.8773313760757446
0.6434658169746399
0.16014547646045685
0.52475905418396
0.32961946725845337
0.2653025984764099
-0.2648676037788391
-0.9139774441719055
-0.14375104010105133
-0.07027453184127808
-0.22572019696235657
-0.3489519953727722
0.047890037298202515
0.1931726038455963
0.5661796927452087
0.16465412080287933
0.19072526693344116
-0.14419911801815033
0.10047546774148941
-0.09718183428049088
-0.25755542516708374
-0.24932566285133362
-0.05135587230324745
-0.007569201290607452
0.011686797253787518
0.06610145419836044
0.13758091628551483
0.11101912707090378
0.08126547932624817
-0.008035817183554173
-0.35326966643333435
-0.10453777015209198
-0.02807471714913845
-0.12190526723861694
-0.17265500128269196
-0.035920217633247375
-0.03530127555131912
0.1397525668144226
0.1308194249868393
0.06243619695305824
0.047533392906188965
0.35551226139068604
0.48095181584358215
0.3978234827518463
0.13513895869255066
0.15109652280807495
0.12760598957538605
-0.6046410799026489
-0.7209056615829468
-0.5566542744636536
-0.21566122770309448
0.1444951444864273
-0.08994655311107635
0.03531944751739502
-0.07587066292762756
-0.048963818699121475
0.0876537337899208
0.050784725695848465
0.10555252432823181
0.3311302959918976
0.6930256485939026
0.5391362905502319
0.14700879156589508
-0.14398285746574402
0.05663081258535385
-0.47730374336242676
-0.7006658911705017
-0.6157354116439819
0.4663713872432709
0.49397242069244385
0.3056271970272064
-0.038150638341903687
-0.03523800149559975
-0.23297333717346191
-0.19704003632068634
-0.7031852602958679
-0.7875605821609497
0.6108200550079346
0.5774421095848083
0.35876983404159546
-0.09313800930976868
0.008518523536622524
0.1289730817079544
-0.5823851227760315
-0.6166880130767822
-0.7392072677612305
0.6497228145599365
0.8223135471343994
0.2311190515756607
-0.28522789478302
0.021281344816088676
-0.07102864235639572
-0.3108617663383484
-0.7052664160728455
-0.6590465307235718
0.026114096865057945
-0.03174883499741554
0.018007416278123856
-0.05024256184697151
-0.05113524571061134
0.02584698423743248
0.014285372570157051
-0.022442031651735306
-0.02353520132601261
0.5346274971961975
0.7461373209953308
0.3402681052684784
0.05826997756958008
0.1036737859249115
0.29821011424064636
-0.45771798491477966
-0.5591256618499756
-0.5878011584281921
0.4094185531139374
0.994077742099762
0.4306138753890991
-0.018068445846438408
0.29787924885749817
0.14055216312408447
-0.22558242082595825
-0.8553169369697571
-0.5933215618133545
-0.0473472960293293
-0.09876559674739838
-0.09568387269973755
-0.0916510745882988
-0.23866575956344604
-0.27644479274749756
-0.12539176642894745
-0.1462475061416626
-0.08505570888519287
0.4010990560054779
-0.04643811285495758
-0.13135121762752533
-0.18135446310043335
0.20507416129112244
0.1811097264289856
-0.7059747576713562
-0.26877209544181824
-0.039549946784973145
0.22178669273853302
-0.286869615316391
-0.5472458600997925
0.3747177720069885
0.49695923924446106
0.11027593910694122
-0.23759250342845917
-0.29713189601898193
0.15724346041679382
0.03418540209531784
-0.34569814801216125
-0.6515673398971558
0.3821079134941101
0.5069918632507324
0.3610999286174774
-0.27435511350631714
0.35276541113853455
0.23175278306007385
-0.03573362156748772
-0.02372743934392929
-0.04659710451960564
-0.02600155770778656
0.011269659735262394
-0.05374009162187576
-0.018800972029566765
-0.03052610531449318
0.010946189984679222
0.4665326774120331
0.6194184422492981
0.36576417088508606
0.10809684544801712
0.005740087013691664
0.1316908597946167
-0.7991216778755188
-0.8301892280578613
-0.5612349510192871
-0.00817122869193554
-0.005275291856378317
-0.046527065336704254
0.0038928757421672344
0.0037574232555925846
0.013929605484008789
-0.02508080005645752
-0.027282919734716415
-0.03066837787628174
-0.08254894614219666
-0.1613663136959076
0.4589306116104126
-0.5963720083236694
0.1209145039319992
-0.13305281102657318
-0.3643750846385956
-0.16677096486091614
-1.0172386169433594
0.010288153775036335
0.5334924459457397
1.170735239982605
-0.27388766407966614
1.0716608762741089
0.12395133078098297
-0.7345250844955444
0.13605690002441406
-1.6987857818603516
0.18627910315990448
0.16809223592281342
0.32881832122802734
-0.26654091477394104
0.24544617533683777
-0.1379977911710739
-0.3043057322502136
-0.18782523274421692
-0.513028085231781
0.22413665056228638
0.35529762506484985
0.5995116829872131
-0.4890994429588318
0.3209501802921295
-0.009407726116478443
-0.37139034271240234
-0.2758205533027649
-0.650681734085083
0.24355220794677734
0.6843851208686829
0.5518813133239746
-0.20041145384311676
0.31988364458084106
-0.8147127032279968
-0.0504654161632061
-0.5697519779205322
-0.23186635971069336
0.4675615727901459
0.015791909769177437
-0.02732084132730961
0.05249042436480522
0.09764910489320755
0.054061487317085266
-0.00777110131457448
0.07401236891746521
0.07644183933734894
-0.03130432218313217
0.08159646391868591
-0.09265502542257309
-0.2415732741355896
0.010014902800321579
-0.09575828909873962
-0.25464996695518494
-0.051855698227882385
0.22910946607589722
0.05177019163966179
0.0037551438435912132
0.01567404717206955
-0.03384581580758095
0.024474654346704483
0.01885896548628807
-0.012477202340960503
-0.02671581320464611
-0.021718671545386314
0.019541006535291672
0.5920926928520203
0.5374406576156616
-0.5766388773918152
0.7756504416465759
-0.3078726530075073
-1.0348323583602905
0.3902897536754608
-1.419235110282898
-0.5536240935325623
0.02941218763589859
-0.058717720210552216
-0.031641460955142975
0.05962309613823891
-0.06243143975734711
-0.06314477324485779
-0.05338751897215843
0.041280925273895264
0.027896698564291
-0.042161669582128525
-0.194130539894104
-0.11235829442739487
-0.3116304874420166
-0.28950056433677673
-0.3146113157272339
-0.010771451517939568
-0.16143514215946198
-0.17201100289821625
0.8045860528945923
0.8746843338012695
-0.4110053777694702
0.8713711500167847
0.056442320346832275
-0.7440232038497925
0.25016915798187256
-0.5294584035873413
-0.20903611183166504
-0.10738682001829147
-1.0684036016464233
0.16169393062591553
-0.9461286664009094
0.3028522729873657
0.29746773838996887
0.027949869632720947
0.7931681275367737
0.08070643246173859
0.41013485193252563
-0.8033479452133179
-0.0875946655869484
-0.5170667171478271
0.09466727823019028
0.3756978511810303
-0.11227095127105713
0.75829017162323
0.0031011528335511684
0.012306234799325466
-0.21288613975048065
0.043164655566215515
0.10807795077562332
0.013583472929894924
0.16386564075946808
-0.18060752749443054
0.03340469300746918
-0.07693716138601303
0.12428528070449829
-0.25795677304267883
-0.08149731159210205
0.09447375684976578
0.1309829205274582
0.06579297035932541
-0.024599771946668625
0.22853828966617584
0.038098275661468506
0.4888741970062256
-0.10591771453619003
-0.04783082753419876
-0.0940600335597992
-0.3410879969596863
-0.024457162246108055
-0.3420111835002899
0.1488504409790039
0.215265154838562
-0.05367390811443329
-0.08414076268672943
-0.14027443528175354
-0.059381503611803055
-0.04027243331074715
0.08156821876764297
0.16041666269302368
0.08020010590553284
0.0993032455444336
0.31648117303848267
0.3233594596385956
-0.7466247081756592
0.17311649024486542
-0.6797253489494324
-0.2776540219783783
-0.588300347328186
-0.5326645970344543
0.3737677335739136
0.43400585651397705
0.6738343834877014
-0.503914475440979
0.35570868849754333
-0.34321847558021545
-0.29441094398498535
-0.48437315225601196
-0.8965254426002502
0.5841335654258728
0.7386463284492493
-0.0842658206820488
-0.2835220396518707
0.07089120894670486
-0.6196537017822266
0.1106511801481247
-0.4630151689052582
0.036803752183914185
0.360524982213974
0.2863786220550537
-0.25531840324401855
-0.10528003424406052
-0.23397405445575714
-0.3891718089580536
0.13597390055656433
-0.3641476631164551
0.25406455993652344
0.3831382691860199
0.03934286907315254
0.048271458595991135
-0.05173347145318985
0.025724848732352257
-0.0070421271957457066
-0.0435301773250103
-0.017474321648478508
-0.00366558157838881
0.036159079521894455
0.5878863334655762
0.20792745053768158
-0.24649178981781006
0.15410786867141724
-0.5694331526756287
0.0686124712228775
-0.563846230506897
0.054891422390937805
0.3962830603122711
0.5097654461860657
0.608081579208374
-0.31988248229026794
0.4957273006439209
-0.8725069165229797
-0.04088154435157776
-0.6892976760864258
-0.2609362304210663
0.4220961332321167
-0.07702934741973877
-0.028113657608628273
-0.10337629914283752
-0.08170214295387268
-0.02090265043079853
-0.08033210784196854
-0.13375571370124817
-0.03847525268793106
-0.07583488523960114
0.052965741604566574
-0.6011590361595154
-0.12019970268011093
-0.22056782245635986
-0.04497777670621872
0.176151305437088
-0.22932547330856323
0.6637514233589172
0.21652495861053467
-0.058391887694597244
-0.6234477162361145
0.213312566280365
-0.9467118978500366
-0.07358508557081223
-0.019008267670869827
-0.2015782594680786
0.6749948263168335
-0.03960500657558441
0.8172737956047058
0.27694031596183777
-0.00017179119458887726
0.6444675922393799
-0.47578683495521545
-0.5073133111000061
-0.5389529466629028
-0.0628073439002037
-0.043764568865299225
-0.055978354066610336
-0.044340766966342926
0.00951370969414711
0.029201015830039978
0.033546410501003265
0.00270634051412344
0.05248327925801277
0.0521019846200943
0.011162291280925274
0.8283713459968567
0.11656984686851501
-0.17481639981269836
0.05017159506678581
-0.4261639416217804
0.09788965433835983
-0.38182222843170166
-0.1713314801454544
0.29257386922836304
0.05701160058379173
-0.011966808699071407
-0.038201987743377686
-0.013457617722451687
-0.03851321339607239
0.052746083587408066
-0.039731256663799286
-0.09752842038869858
0.04882335290312767
-0.5998953580856323