-0.5808457136154175
-0.668107271194458
0.16695289313793182
-0.8025814890861511
-0.2573128640651703
0.4783366322517395
-0.7277097105979919
0.4288758933544159
0.4063190221786499
-0.3859950304031372
-0.32937973737716675
0.36148595809936523
-0.6112637519836426
0.12206832319498062
0.5381030440330505
-1.2377933263778687
0.6275625228881836
0.21216551959514618
-0.6938157677650452
0.21551911532878876
0.5251072645187378
-0.45041555166244507
0.25591161847114563
0.3288775682449341
-0.4991944134235382
0.39647477865219116
0.3013211488723755
-0.23152530193328857
0.14483682811260223
0.2086288183927536
-0.47263574600219727
0.027895871549844742
0.24933236837387085
-0.7388104200363159
0.5503170490264893
0.0756472498178482
-0.6269970536231995
0.16922776401042938
0.4285639822483063
-0.4983765780925751
0.4353318512439728
0.2515043020248413
-0.4936680495738983
0.6401419043540955
0.2799793481826782
-0.024843091145157814
-0.05108409747481346
-0.0023079439997673035
-0.005431532859802246
0.002323809778317809
-0.013753754086792469
-0.10971871018409729
-0.006414361298084259
-0.052600931376218796
-0.22797271609306335
-0.5132825970649719
-0.30920568108558655
-0.17141376435756683
-0.041743624955415726
-0.29612207412719727
0.025936156511306763
-0.008099928498268127
-0.2842816114425659
0.030069705098867416
-0.037413567304611206
-0.0573861226439476
-0.021601777523756027
-0.023759309202432632
-0.010223097167909145
-0.01766415871679783
0.01063339039683342
-0.04030612111091614
-0.14991338551044464
-1.1025640964508057
-0.0966394767165184
-1.916702389717102
-1.2682348489761353
0.040068041533231735
-1.6598249673843384
-0.4808727502822876
0.20521347224712372
0.02108151838183403
0.05772443115711212
0.015960773453116417
0.07808336615562439
0.028435440734028816
0.02297891117632389
-0.018643546849489212
0.06868842244148254
0.009249103255569935
-0.1654721051454544
-0.14139486849308014
-0.08517572283744812
-0.07562781125307083
-0.009872855618596077
0.060176730155944824
-0.25239160656929016
-0.29852962493896484
-0.19435882568359375
-0.300197571516037
-0.744929850101471
0.16763755679130554
-1.323495626449585
-0.2238372564315796
0.011323340237140656
-0.872378408908844
-0.3057395815849304
0.2221922129392624
0.6526052951812744
0.5625813007354736
-0.10417497158050537
0.9258293509483337
0.3979678452014923
-0.33183759450912476
0.5529232025146484
-0.12772276997566223
-0.9946803450584412
-0.05194970220327377
0.8525948524475098
-0.05699285864830017
0.25475457310676575
0.6695473790168762
-0.15687108039855957
0.2917877435684204
0.4460529088973999
-0.5356848239898682
0.02579820342361927
0.06288155168294907
0.0767470970749855
-0.005350493360310793
0.015094535425305367
-0.027045441791415215
-0.022179976105690002
0.15996487438678741
-0.08473116904497147
0.056331779807806015
-0.09560965746641159
-0.12976932525634766
-0.06878980994224548
-0.016803137958049774
-0.10530689358711243
0.026575937867164612
0.027966635301709175
-0.11100731045007706
-0.5010718107223511
0.16276665031909943
0.13635165989398956
-0.31466326117515564
0.02800299972295761
0.13603733479976654
-0.036273349076509476
0.38883259892463684
-0.12159322947263718
0.10432569682598114
-0.007893557660281658
0.06068893522024155
-0.06684620678424835
-0.002538152737542987
-0.027118362486362457
-0.2239890843629837
0.09815603494644165
0.029966207221150398
-0.5563328266143799
-0.18681491911411285
0.31245189905166626
-0.5200432538986206
0.16208723187446594
0.23878826200962067
-0.43163439631462097
0.19686007499694824
0.15319812297821045
-1.0663410425186157
0.1121123805642128
0.4923405647277832
-0.6400349140167236
0.29452723264694214
0.4662160277366638
-0.4306735396385193
0.5099839568138123
0.3905330300331116
-0.4967918395996094
0.0590679794549942
-0.021536951884627342
-0.22625026106834412
0.22823992371559143
-0.10583189874887466
-0.12153438478708267
0.15628682076931
-0.11305169016122818
-0.3965972363948822
0.10359752178192139
0.14784114062786102
-0.1608046293258667
0.12642493844032288
0.04304439574480057
-0.12713949382305145
0.1102810874581337
0.003437085309997201
0.05836053192615509
0.024241968989372253
-0.024133820086717606
-0.058131806552410126
-0.019313132390379906
0.020615682005882263
0.005327172111719847
0.012167401611804962
0.03267154097557068
-0.40260905027389526
0.10094525665044785
0.21788305044174194
-0.2826320230960846
0.21275487542152405
0.01406446285545826
-0.13372457027435303
0.36826595664024353
-0.09244441986083984
-0.8293030261993408
0.34987956285476685
0.39943912625312805
-0.7646046280860901
0.4996161460876465
0.2630661725997925
-0.44635164737701416
0.7662246227264404
0.3315609097480774
-0.010651607066392899
0.05576224625110626
0.11456914991140366
-0.1115802526473999
-0.12958723306655884
0.11834623664617538
0.047568075358867645
0.0741613581776619
0.18955764174461365
0.005171568598598242
0.5313563942909241
-0.011491946876049042
0.3981538712978363
0.1608518362045288
-0.24285268783569336
0.4743635654449463
0.04528136923909187
-0.5719447135925293
0.4743853509426117
1.0291122198104858
-0.3609737455844879
0.6105687022209167
0.31621217727661133
-0.7288517355918884
0.6071410179138184
-0.10117192566394806
-0.8992971777915955
0.05646021291613579
0.22758691012859344
-0.17862766981124878
-0.28368276357650757
-0.3132602870464325
-0.1254136562347412
-0.10380590707063675
-0.13065177202224731
-0.38242530822753906
0.002919413847848773
0.0059693846851587296
0.01735801063477993
-0.045454658567905426
-0.038835447281599045
0.04998911917209625
0.0010307783959433436
0.028691094368696213
-0.05072272941470146
-0.4511771500110626
0.21902236342430115
0.21232526004314423
-0.2518981099128723
0.290603905916214
-0.010801466181874275
-0.23908314108848572
0.3297508656978607
-0.2688618302345276
0.04778522998094559
-0.005819696467369795
-0.004528505727648735
0.03132415935397148
0.060182005167007446
0.054210081696510315
0.029802419245243073
-0.04249521717429161
0.037994954735040665
-0.33018285036087036
0.018278539180755615
-0.17374691367149353
-0.49449440836906433
0.2838100492954254
0.07233068346977234
-0.38258248567581177
0.7069540023803711
0.20039205253124237
-0.6039735674858093
0.2559674084186554
0.38113778829574585
0.27127155661582947
-0.08065195381641388
-0.089726522564888
-0.1911650449037552
0.2551896274089813
0.36118191480636597
-0.19844882190227509
-0.5120317935943604
0.25480520725250244
0.27454841136932373
-0.6676247119903564
-0.3387613892555237
0.5346255898475647
0.013711761683225632
-0.09913454949855804
0.015138969756662846
0.18062296509742737
-0.11075898259878159
-0.14988675713539124
0.14914457499980927
0.004616315942257643
0.0032758405432105064
0.32773011922836304
-0.21111418306827545
-0.5996647477149963
-0.07685952633619308
0.2026900053024292
-0.6722919344902039
-0.23780225217342377
-0.24713346362113953
-0.20010662078857422
-0.18734978139400482
-0.5970014333724976
-0.07774911820888519
0.006157435476779938
0.03580800071358681
-0.024470308795571327
-0.03967630863189697
0.02779971994459629
-0.006156754679977894
0.02952633984386921
0.04620765149593353
0.04033314436674118
0.23392388224601746
-0.019899556413292885
-0.13885624706745148
-0.1529463231563568
-0.22653210163116455
0.11147385835647583
0.02685021609067917
-0.11323490738868713
0.13526302576065063
0.02015729993581772
0.040467213839292526
-0.030958237126469612
0.041143450886011124
0.02692623808979988
-0.006314476020634174
0.026754938066005707
0.04451289400458336
0.049255259335041046
0.7727809548377991
0.15917880833148956
-0.7021968364715576
0.3603520095348358
0.8087401986122131
-0.8175143003463745
0.29720649123191833
-0.07945360243320465
-0.49946004152297974
0.057094328105449677
0.0716906487941742
0.10259702056646347
0.03563356027007103
0.03946000337600708
0.058440376073122025
0.0514700673520565
0.044270992279052734
0.09904716908931732
-0.15446999669075012
0.042690739035606384
-0.2748485803604126
-0.03979989141225815
-0.07039397209882736
0.07286164909601212
-0.0460202731192112
0.20768383145332336
0.08087659627199173
0.651140034198761
-0.1885100156068802
-0.7993866205215454
-0.4308628439903259
-0.1731022298336029
-0.44479721784591675
0.9669226408004761
-0.5484329462051392
-0.27815133333206177
-0.4564290940761566
-0.3878428637981415
-0.6835178732872009
-0.5456457138061523
-0.5085892677307129
-0.16656829416751862
-0.40653228759765625
0.2957085967063904
0.34059977531433105
0.32541748881340027
-0.932123601436615
-0.44399550557136536
-0.8089210391044617
-0.5296851992607117
-0.02423548698425293
-0.6396296620368958
-1.2839875221252441
-0.03873652592301369
-0.14907005429267883
-0.05261533334851265
0.14311426877975464
-0.08865465223789215
-0.1157313883304596
0.09316055476665497
-0.02687857113778591
0.03594094514846802
0.25257375836372375
0.08705547451972961
0.005237661302089691
-0.046550676226615906
-0.062487829476594925
-0.005318946670740843
-0.03240096941590309
-0.016864925622940063
-0.0026740683242678642
-0.03890060633420944
-0.45374661684036255
-0.5514490008354187
-0.8621193766593933
-0.34260669350624084
-0.03248171508312225
-0.4804137349128723
0.09374871850013733
-0.37651747465133667
0.004355339333415031
-0.010282207280397415
-0.052750714123249054
-0.0290185809135437
-0.031577106565237045
0.06842192262411118
-0.056613534688949585
-0.11783211678266525
-0.09101720154285431
-0.032428279519081116
-0.8783748149871826
-0.43352991342544556
-0.9113596081733704
-0.4135199189186096
-0.3301217555999756
-1.2314012050628662
0.046509645879268646
-0.7127030491828918
-0.5943753123283386
-0.28837019205093384
-0.6783599853515625
-0.5394537448883057
-0.7774783372879028
-0.5793386697769165
-0.3111421763896942
0.2181997001171112
-0.6336790919303894
-0.4489762783050537
0.04846455901861191
-0.18131054937839508
-0.5779244303703308
-0.21417322754859924
0.05510527640581131
-0.241646409034729
-0.33834463357925415
-0.7442371249198914
0.30825281143188477
-0.06962087005376816
-0.39506062865257263
0.21334227919578552
-0.6144490838050842
-0.49124762415885925
-0.41191843152046204
-0.2803567051887512
-0.6372898817062378
0.005727355368435383
-0.025424117222428322
-0.012525895610451698
-0.030208248645067215
-0.0583266019821167
0.03864244371652603
0.017912032082676888
-0.0185299813747406
0.011541479267179966
0.05399571731686592
-0.3603193759918213
-0.7623499035835266
-0.41223207116127014
-0.26591822504997253
-0.28015559911727905
0.0426420159637928
-0.5953363180160522
-0.023740513250231743
0.08575930446386337
-0.7170999646186829
-0.38118836283683777
-0.7235017418861389
-0.535922110080719
-0.05903364717960358
-0.6355998516082764
0.015917284414172173
0.6103038787841797
0.07465880364179611
-0.004939687438309193
-0.17797575891017914
-0.049968618899583817
-0.16683681309223175
-0.04491433501243591
-0.05986515060067177
-0.017990408465266228
-0.11344697326421738
-0.0006593550206162035
-0.3491763770580292
-1.0569509267807007
-0.071926049888134
-0.45615047216415405
-0.7727211117744446
-0.1139388233423233
-0.30101773142814636
-0.6847748160362244
0.5543496012687683
0.0058670942671597
-0.8627301454544067
-0.18815982341766357
-0.8755058646202087
-0.793584942817688
0.030917173251509666
-1.0928385257720947
-0.2386796772480011
0.08255702257156372
0.2854566276073456
-0.8143509030342102
-0.43312495946884155
-0.25949177145957947
-0.49425938725471497
-0.6838802099227905
0.2413637489080429
-0.23985475301742554
-0.31562790274620056
-0.02744046412408352
-0.026311511173844337
-0.019820546731352806
0.052645791321992874
0.01948217675089836
0.05659177526831627
-0.008853844366967678
-0.051487382501363754
0.03928423300385475
-1.4825876951217651
-0.7146432995796204
-0.7958739995956421
-0.6451678276062012
-0.24801528453826904
-0.5959697365760803
-0.655218780040741
-0.14935371279716492
0.03325120732188225
0.02213282696902752
0.036626338958740234
-0.014269654639065266
-0.011413385160267353
-0.030789397656917572
0.04623585566878319
0.043039120733737946
0.033545125275850296
0.03549916669726372
0.8849595785140991