-1.0706031322479248
-0.5963767766952515
-0.32845404744148254
-0.8184469938278198
-1.07912015914917
-0.6465064883232117
-0.6867237687110901
-0.61944979429245
-1.0609562397003174
-0.3509722650051117
0.06551019102334976
0.13097669184207916
0.04358551651239395
0.2938348352909088
-0.3324173092842102
-0.20598144829273224
-0.290109783411026
0.051052216440439224
-0.23765407502651215
-0.026645518839359283
0.18938004970550537
-0.22203803062438965
-0.10981271415948868
0.2074163556098938
-0.42539966106414795
-0.012144113890826702
0.03494793549180031
-0.22924229502677917
-0.06324147433042526
0.19963687658309937
-0.0805906280875206
0.06994237750768661
0.22955650091171265
-0.004528194200247526
-0.1016300767660141
0.18833135068416595
-0.24460454285144806
-0.3744982182979584
-0.34008491039276123
-0.24380290508270264
-0.13987983763217926
-0.27279821038246155
-0.3521716892719269
-0.16515874862670898
-0.05017484724521637
0.02857169136404991
0.03803152218461037
-0.05958044156432152
-0.04969925433397293
-0.07370764017105103
-0.0647582933306694
-0.07072718441486359
0.010760405100882053
-0.012423243373632431
-0.0464957058429718
0.12115678191184998
0.06648202985525131
0.035285189747810364
0.02593241259455681
-0.06600280851125717
-0.12491461634635925
0.2014659196138382
-0.019120529294013977
0.03637892007827759
0.04482268914580345
-0.03728067874908447
0.007542354054749012
0.0484982393682003
0.007696141023188829
0.03258238732814789
-0.029969900846481323
-0.015756409615278244
0.13370779156684875
0.3690803349018097
-0.04862073436379433
-0.09519273042678833
0.07455944269895554
-0.27178141474723816
-0.38657429814338684
0.018656793981790543
0.3571975827217102
0.017903076484799385
-0.06297008693218231
0.04539342224597931
-0.01743743196129799
0.10882201790809631
0.0716799646615982
-0.03477669879794121
0.10436144471168518
0.046131521463394165
-0.18821518123149872
-0.04453776404261589
-0.04166201502084732
-0.20751042664051056
-0.1167910248041153
-0.1693107783794403
-0.22796416282653809
-0.14169393479824066
0.05411103367805481
0.3254331946372986
-0.39901188015937805
-0.32107213139533997
-0.19576533138751984
0.005569367203861475
0.03744620829820633
-0.18433408439159393
-0.043948132544755936
0.25537368655204773
-0.3638787269592285
-0.7266994714736938
-0.7264485359191895
-0.12942089140415192
-0.9976819753646851
-0.3488829731941223
0.0013096998445689678
-0.7321767807006836
-0.3240535855293274
-0.16787223517894745
-0.0074319420382380486
-0.007395520806312561
-0.014524444006383419
-0.02802756242454052
-0.03414801508188248
-0.06253204494714737
0.09957589954137802
0.11734828352928162
0.007251377683132887
-0.06315973401069641
0.06067746877670288
-0.029888195917010307
-0.07365429401397705
-0.0028791469521820545
-0.047660622745752335
-0.05259646102786064
-0.03486838564276695
0.0877453163266182
0.11146898567676544
0.07267097383737564
-0.020454825833439827
-0.0603235699236393
-0.04190361872315407
-0.028730198740959167
-0.04145738482475281
-0.032927729189395905
0.042553357779979706
-0.04142852872610092
-0.29269957542419434
0.0019215638749301434
-0.0648232251405716
0.07689309120178223
-0.040078699588775635
-0.21570312976837158
-0.12950561940670013
-0.04231598600745201
-0.010538111440837383
-0.06026121973991394
-0.08558545261621475
0.0005380003713071346
-0.07648205757141113
-0.0713263601064682
-0.02672482095658779
-0.004001194145530462
0.03791579604148865
0.017897600308060646
-0.050057489424943924
0.0781443864107132
-0.12787073850631714
0.12360382825136185
-0.13381117582321167
-0.012967974878847599
0.03323812410235405
0.15839646756649017
0.06815044581890106
0.2768303155899048
0.11842784285545349
0.004724247846752405
-0.17475728690624237
0.10032691061496735
0.1212557777762413
-0.18442419171333313
-0.27581050992012024
-0.08672605454921722
-0.1200021356344223
-0.18084578216075897
-0.03223075717687607
-0.002288940828293562
-0.2512440085411072
-0.1934743970632553
-0.393404096364975
-0.10821118205785751
-0.03852909430861473
0.04797646775841713
-0.25094690918922424
-0.28696364164352417
-0.2331133335828781
-0.04708471894264221
-0.08456210047006607
-0.17336809635162354
0.026747282594442368
-0.01685100607573986
0.03487087041139603
0.003515897085890174
0.02951040118932724
0.008871377445757389
-0.05287662148475647
0.01898600347340107
-0.01674940437078476
-0.24055364727973938
-0.183932825922966
-0.19723227620124817
-0.1967642456293106
-0.19296127557754517
-0.07017193734645844
-0.12779749929904938
-0.10112059116363525
-0.3207908570766449
0.2642374038696289
0.08596502989530563
0.1521630734205246
0.07664036750793457
0.07342074066400528
-0.004515315871685743
0.08341793715953827
0.10243017226457596
0.19743792712688446
0.04708927497267723
-0.039344970136880875
-0.009658628143370152
-0.015324096195399761
-0.033965639770030975
-0.005778206512331963
0.03357890993356705
-0.024065451696515083
-0.010129316709935665
-0.1422252357006073
-0.39178141951560974
-0.019221438094973564
-0.0009328761952929199
-0.5204035043716431
-0.137469083070755
-0.4164964556694031
-0.6030040979385376
-0.023397106677293777
0.09712028503417969
-0.10376410186290741
-0.6063887476921082
-0.1580103039741516
0.020784594118595123
-0.3128319978713989
-0.4689968526363373
-0.021255291998386383
0.06364645063877106
-0.10997407883405685
-0.4141722023487091
-0.3864128589630127
-0.2853917181491852
-0.2042224109172821
-0.35862553119659424
-0.17848549783229828
-0.005945698823779821
-0.13551457226276398
-0.009439580142498016
0.05786477029323578
0.015655910596251488
-0.04857490211725235
0.020365146920084953
-0.02053489349782467
-0.039934173226356506
-0.0015708833234384656
0.044485315680503845
-0.27096956968307495
0.018055731430649757
-0.22398065030574799
-0.08796130865812302
-0.26285916566848755
-0.33331483602523804
-0.3808422088623047
-0.06670607626438141
-0.19513125717639923
-0.016449548304080963
0.015743177384138107
-0.008963129483163357
-0.022690147161483765
-0.00015826850722078234
0.03543919324874878
-0.02794291265308857
-0.011301515623927116
-0.057251885533332825
-0.05818578600883484
-0.6544653177261353
-0.9345292448997498
-0.6450852751731873
0.19739289581775665
-0.018636617809534073
0.06881783902645111
0.5392088294029236
0.7321594953536987
0.7203335762023926
0.865394651889801
0.7385413646697998
0.41046270728111267
-0.07740581035614014
-0.326962947845459
-0.38648179173469543
-0.661784827709198
-0.7927405834197998
-0.3499402701854706
0.028436243534088135
-0.046399325132369995
0.08267289400100708
0.18972182273864746
-0.05730213597416878
-0.3503674268722534
0.03780684247612953
0.13863368332386017
0.5749000906944275
0.18294361233711243
0.0941527709364891
0.07377608865499496
0.18287445604801178
-0.3283434808254242
0.005671349354088306
-0.363945335149765
0.045922137796878815
0.21858623623847961
0.023409506306052208
0.11736388504505157
-0.09517346322536469
-0.32763662934303284
-0.48193517327308655
-0.3591901361942291
0.4110410809516907
0.38999566435813904
0.2927936017513275
0.014238272793591022
-0.06369681656360626
0.009303653612732887
-0.0034936913289129734
-0.015308339148759842
-0.006085725501179695
-0.007775434292852879
0.013727910816669464
0.004398244898766279
-0.09146430343389511
-0.4955231845378876
-0.5930140018463135
0.26558688282966614
0.18740704655647278
0.20703206956386566
0.20427468419075012
0.10368537902832031
0.49625489115715027
-0.004175811540335417
0.014651937410235405
0.04826333373785019
0.03777763247489929
0.01895204745233059
-0.04863376170396805
0.04061468318104744
0.0072700222954154015
0.0104267792776227
0.7490782141685486
0.34381186962127686
0.296079158782959
-0.22331079840660095
0.40107449889183044
-0.015963399782776833
-1.0292762517929077
-1.415978193283081
-1.642240285873413
0.03232626989483833
0.04868322238326073
0.024586910381913185
0.014894596301019192
-0.022419041022658348
0.03456437215209007
0.040637701749801636
-0.014324679039418697
0.041893333196640015
-0.18103593587875366
0.10163852572441101
0.015943769365549088
-0.1059006080031395
-0.17796285450458527
-0.1483965963125229
0.17687851190567017
0.03581957891583443
0.24018976092338562
0.7466928362846375
0.9829784631729126
0.5458113551139832
0.14184020459651947
0.13107991218566895
0.11894101649522781
-0.7580048441886902
-1.1556155681610107
-1.0698039531707764
0.03357088938355446
-0.17682640254497528
-0.571684718132019
-0.1002524197101593
-0.41511380672454834
-0.2551949620246887
0.02271924912929535
-0.15875303745269775
0.019200336188077927
-0.03796912357211113
-0.133791983127594
-0.25704601407051086
-0.46140772104263306
-0.28736594319343567
-0.12825481593608856
0.2449624240398407
0.3059065043926239
0.26656049489974976
-0.12079935520887375
0.22127526998519897
0.0979890450835228
-0.09527432918548584
0.01739686168730259
0.002725950675085187
0.14381371438503265
0.12468995898962021
-0.09251037240028381
-0.14866571128368378
-0.26194003224372864
-0.025392869487404823
0.07570634037256241
-0.032448798418045044
0.013081395998597145
0.04121365770697594
-0.013436652719974518
0.10030660033226013
-0.13626646995544434
-0.016678690910339355
-0.27703356742858887
-0.33872684836387634
-0.3065488338470459
-0.2650085985660553
0.4207608699798584
0.2491997927427292
0.47198882699012756
-0.06692428141832352
-0.12427816540002823
-0.04607165604829788
0.2731208801269531
0.023431016132235527
-0.018164150416851044
0.05171887204051018
0.11422643065452576
0.07993143796920776
-0.20085272192955017
-0.02636652998626232
-0.10389542579650879
-0.3321586549282074
-0.43706339597702026
-0.5981391668319702
0.07019416242837906
0.5799041390419006
0.5377598404884338
0.01610812544822693
-0.055090613663196564
0.12609681487083435
-0.09427759051322937
-0.23988184332847595
-0.3455818295478821
-0.02859869971871376
0.49759364128112793
0.4828341603279114
0.136012464761734
-0.06840058416128159
-0.16747291386127472
-0.40657708048820496
-0.3676731586456299
-0.3671053349971771
0.3284643292427063
0.36122941970825195
0.4059723913669586
-0.3658706247806549
-0.19660738110542297
-0.22581852972507477
-0.17897774279117584
-0.35205429792404175
-0.3215382397174835
0.4986799955368042
0.7703992128372192
0.680083692073822
0.031313199549913406
-0.04387064650654793
0.019168104976415634
-0.02502661570906639
0.021335775032639503
-0.05202474072575569
0.031613755971193314
0.016549233347177505
0.022818241268396378
0.023663196712732315
0.16268181800842285
0.12039592862129211
-0.38948220014572144
-0.4451269507408142
-0.2292221486568451
0.24382920563220978
0.21140623092651367
0.20941580832004547
-0.12310624122619629
0.2142636626958847
0.05226124823093414
-0.28754010796546936
-0.24582360684871674
-0.4564576745033264
0.25754138827323914
0.3492291569709778
0.25131461024284363
-0.02804957516491413
-0.14867937564849854
-0.04256036877632141
-0.07046686857938766
0.047155700623989105
-0.07952170073986053
-0.08064787834882736
-0.038304127752780914
0.0809028223156929
0.4993138015270233
0.08937811106443405
0.1853671818971634
-0.7011582255363464
-0.7352871894836426
-0.22408325970172882
0.21391963958740234
0.09601994603872299
0.04848523810505867
0.6205815076828003
0.47546014189720154
0.6304715871810913
-0.2786559760570526
-0.16381260752677917
-0.18196424841880798
-0.7362383008003235
-1.0988962650299072
-0.9740751385688782
0.8684937357902527
0.8635767102241516
0.4209834635257721
-0.2524438202381134
-0.03463466092944145
0.1880301833152771
-1.075701117515564
-1.1397383213043213
-1.0245023965835571
0.040912944823503494
0.0553620420396328
0.045612696558237076
-0.018135620281100273
-0.030872153118252754
0.016482185572385788
0.021497147157788277
0.03391082584857941
-0.05172962322831154
0.18163272738456726
0.5064914226531982
0.06947005540132523
-0.18846020102500916
-0.47521576285362244
-0.41232773661613464
0.1023838147521019
0.4663245379924774
0.5089108943939209
-0.0042494358494877815
-0.028010640293359756
-0.006215065252035856
0.006027301773428917
0.03124573826789856
0.04825686290860176
0.03364512696862221
-0.05658954754471779
-0.052992697805166245
-0.6145974397659302