-0.4016875922679901
0.4346095323562622
0.8472829461097717
-0.49256154894828796
0.05332235246896744
0.4115593731403351
-1.0181468725204468
-0.27774935960769653
-0.05112193897366524
-0.27866753935813904
0.4378286302089691
1.1729423999786377
-0.82260662317276
0.24370992183685303
0.908685028553009
-0.8957094550132751
-0.46090978384017944
0.11900924891233444
-0.28915339708328247
0.5827539563179016
1.0206613540649414
-0.6757388114929199
0.17362935841083527
0.6841766238212585
-1.0312243700027466
-0.39043596386909485
0.16457852721214294
0.7604063153266907
0.3240629732608795
-0.20770403742790222
-0.8256816267967224
0.3818512260913849
0.01420601736754179
-0.7655086517333984
0.29401740431785583
-0.250550240278244
-0.762382984161377
0.8030712008476257
0.1332234889268875
-0.6868603825569153
0.8843711018562317
0.43835651874542236
-0.18662340939044952
0.5019963383674622
0.33012330532073975
-0.3298402726650238
0.6747145056724548
0.23324163258075714
-0.4911261200904846
0.7451347708702087
0.4909885823726654
-0.6305621862411499
0.48363617062568665
0.24275285005569458
-0.6888529658317566
0.2269149273633957
0.6640596389770508
0.8541988134384155
0.351579874753952
0.08567791432142258
0.19790570437908173
-0.009393973276019096
-0.7537046074867249
-0.7752876281738281
-0.6525586843490601
0.7320229411125183
0.8141791820526123
0.778394341468811
0.06734640896320343
0.08133847266435623
-0.1729217916727066
-0.6363697648048401
-0.9420307278633118
-0.8087686896324158
0.7705337405204773
0.7497493624687195
0.7204269170761108
-0.051041752099990845
0.21765249967575073
-0.19738055765628815
-0.8072741031646729
-0.6538368463516235
-0.7081801891326904
0.6029195189476013
0.5585227012634277
0.09852402657270432
-0.3578469753265381
0.4064936339855194
0.04260457679629326
-0.3491159975528717
0.49109262228012085
-0.09817924350500107
-0.6800891160964966
0.5882133841514587
0.051501791924238205
-0.52927565574646
0.3332713544368744
0.19888266921043396
-0.4774116277694702
0.4338282644748688
-0.21850800514221191
-0.6535294651985168
0.4591670036315918
0.30388662219047546
-0.42870116233825684
0.5492970943450928
0.08851203322410583
-0.5300134420394897
0.4987013041973114
0.09060893952846527
-0.5543216466903687
0.6538545489311218