0.39887744188308716
-0.8879938721656799
0.2575080096721649
0.14857731759548187
0.21400389075279236
-0.6048414707183838
0.1697094887495041
0.6760410070419312
-0.20910537242889404
-0.13798192143440247
-0.6713141798973083
0.3438071608543396
-0.5611726641654968
-0.8227797746658325
0.13730108737945557
-0.11337757110595703
0.2514961361885071
-0.4465778172016144
-0.5058848261833191
-0.3560855984687805
0.7059053778648376
0.15378664433956146
-0.12822110950946808
0.15322978794574738
0.5671186447143555
0.11190611869096756
-0.6254572868347168
-0.3083873689174652
-0.41448989510536194
-0.05573006719350815
0.082139752805233
-0.39838749170303345
-0.12147901952266693
-0.0570310615003109
0.5470290184020996
0.15357811748981476
-1.0006601810455322
0.3017130196094513
0.2895674407482147
-0.1624344140291214
-0.5438229441642761
-0.46704813838005066
0.5922417640686035
-0.1794794797897339
-0.5065703988075256
-0.03241930156946182
0.012068544514477253
0.007671382278203964
0.04090595990419388
0.008704328909516335
0.013152637518942356
0.019478557631373405
0.009036730974912643
-0.023599183186888695
-0.3166557550430298
0.469240665435791
0.248769149184227
-0.28138628602027893
0.16806313395500183
0.04743591323494911
-0.347958505153656
0.06927835941314697
0.28848499059677124
0.00823285337537527
-0.008962724357843399
0.012475495226681232
0.04056794196367264
0.02821923978626728
0.043464697897434235
-0.04261380061507225
0.04941554367542267
0.05885927379131317
-0.15840578079223633
0.3237907588481903
0.3102848529815674
-0.8851073384284973
0.8401817679405212
0.6804221272468567
-1.0476659536361694
-0.6964199542999268
0.47823989391326904
0.08284710347652435
-0.017649134621024132
-0.10066557675600052
0.0441463477909565
-0.007234326563775539
-0.13939698040485382
-0.0015650849090889096
0.0334792360663414
0.008427457883954048
-0.12362682074308395
-0.09223561733961105
-0.05804960057139397
-0.13657259941101074
0.07307847589254379
-0.05288635939359665
-0.1353236883878708
-0.3843848705291748
-0.24449265003204346
-0.8645068407058716
0.30290016531944275
0.10399306565523148
-1.0287210941314697
0.004439882468432188
0.6534733176231384
-0.15263034403324127
-0.6752461194992065
0.33549267053604126
0.4627360701560974
0.7364699840545654
0.3061346709728241
-1.1790342330932617
0.11921925842761993
0.1294803023338318
-0.6454140543937683
-0.38704779744148254
-0.04961438477039337
0.12720681726932526
0.46749168634414673
0.25713133811950684
-0.43826591968536377
0.03667399287223816
0.19447548687458038
0.14410170912742615
-0.25645098090171814
-0.11002662777900696
-0.04980279505252838
-0.062016282230615616
0.1574242264032364
-0.208265021443367
0.026195650920271873
0.05386294052004814
-0.0361439511179924
-0.08228343725204468
0.23785774409770966
-0.05872133746743202
0.11877110600471497
-0.23673689365386963
-0.01684575341641903
0.06938041746616364
0.18587510287761688
-0.015969840809702873
-0.002250600839033723
0.12306519597768784
-0.35409703850746155
0.5917486548423767
0.3010638356208801
0.13509105145931244
-0.2428760826587677
-0.02792486734688282
0.5242227911949158
-0.4014260768890381
-0.7611213326454163
0.06728096306324005
0.02929818443953991
0.011486009694635868
0.1370326727628708
0.08700032532215118
0.08777213841676712
0.06243856996297836
0.0922912210226059
0.08155235648155212
-0.3682404160499573
-0.32449138164520264
0.23541007936000824
-0.09004921466112137
-0.5581654906272888
-0.00516213895753026
-0.1243455782532692
0.03823969140648842
-0.5448160171508789
-0.10693000257015228
-0.9952218532562256
0.07864969968795776
0.413995623588562
-0.4664022922515869
-0.26220396161079407
0.6423621773719788
0.7108873724937439
-0.3436942398548126
-0.6247691512107849
0.4554400146007538
0.15909551084041595
-0.04056736081838608
-0.4937688112258911
0.11800193786621094
0.22843655943870544
-0.13179709017276764
-0.3023556172847748
-0.4593259394168854
0.11505566537380219
0.10851377248764038
0.2044084668159485
-0.5773406624794006
-0.32173997163772583
0.7112987041473389
0.30051228404045105
-0.0061769625172019005
-0.019375531002879143
0.014290282502770424
-0.01930406503379345
0.014787327498197556
0.028480324894189835
-0.030885539948940277
-0.03652841970324516
-0.021930135786533356
-0.020074397325515747
-0.177777960896492
0.35523009300231934
0.1746804267168045
0.22119517624378204
-0.17547692358493805
0.2264445275068283
0.6195549368858337
-0.21709342300891876
-0.1562565416097641
-0.3290403187274933
-0.08873997628688812
0.21754716336727142
0.07005421817302704
-0.46699389815330505
0.24721737205982208
0.5724788308143616
0.0364566445350647
-0.22786247730255127
0.15447069704532623
0.15240098536014557
-0.026116611436009407
0.09791741520166397
0.09147351235151291
0.035624172538518906
-0.06131313741207123
0.029643433168530464
-0.029271572828292847
-0.12553909420967102
0.4246983528137207
-0.05289275571703911
-0.651248037815094
0.2804168462753296
0.2541307508945465
-0.305660218000412
-0.4556616246700287
-0.5100247263908386
0.05723077058792114
0.38163554668426514
0.11714775860309601
-0.3443675637245178
0.4349237382411957
0.11184430122375488
-0.6624554395675659
-1.0791007280349731
-0.3910659849643707
-0.2747156322002411
0.1618492603302002
-0.2093961238861084
-0.7061861157417297
0.43941259384155273
0.3861239552497864
-0.9650925397872925
-0.7151579856872559
-0.031887251883745193
0.041806939989328384
-0.052229736000299454
0.055333059281110764
-0.01785747893154621
0.03744896501302719
-0.013000188395380974
-0.0012020491994917393
-0.03748033568263054
-0.03574332222342491
-1.217320442199707
0.6236886382102966
0.7137884497642517
-0.6239696145057678
-0.35863569378852844
0.4574301838874817
0.5535235404968262
-0.23269377648830414
0.1577419936656952
-0.0030968841165304184
-0.005119818728417158
0.012677262537181377
0.02367963083088398
-0.042356859892606735
0.008245245553553104
0.025938259437680244
0.015111774206161499
-0.01780739240348339
-0.5075411796569824
-1.1534581184387207
-0.8355423212051392
0.9240137934684753
0.24892817437648773
-1.5335156917572021
-0.36307522654533386
0.90114426612854
0.7397228479385376
-1.0763390064239502
-0.5167455673217773
-0.4755464196205139
0.6240897178649902
-0.11647791415452957
-0.9771466851234436
-0.2005070298910141
0.13556508719921112
-1.3313069343566895
-1.153424620628357
-0.35107898712158203
-0.31820353865623474
0.3320734202861786
0.09897956252098083
-0.4199356138706207
0.13045307993888855
0.4304138123989105
-0.33425408601760864
-0.5323111414909363
-0.5418965816497803
0.00924846064299345
0.4480358958244324
-0.11711353808641434
-0.24757026135921478
0.16619539260864258
0.02617359347641468
-0.7209030985832214
-0.17910192906856537
0.0847092866897583
0.6010510325431824
0.5798566341400146
-0.3403323292732239
-0.04980061948299408
0.19666993618011475
-0.23083098232746124
-0.7841495275497437
-0.5314280390739441
0.061934694647789
0.08543526381254196
-0.020494991913437843
0.04175339639186859
0.09150375425815582
0.0022023178171366453
0.09146959334611893
-0.05116580054163933
-0.08352622389793396
-0.13160088658332825
-0.1834288239479065
-0.3996782898902893
0.02612055093050003
-0.12628307938575745
-0.2578718960285187
-0.12277969717979431
0.09740710258483887
-0.42315608263015747
-0.001290431129746139
0.019485345110297203
-0.025140216574072838
-0.04580031335353851
0.028884282335639
0.0013401925098150969
-0.052274033427238464
-0.04244987666606903
0.03736376389861107
0.33384525775909424
0.47985076904296875
-0.600091814994812
0.02926809713244438
0.8495834469795227
0.2731711268424988
-0.9829739928245544
0.09449006617069244
-0.04924946650862694
-0.08927267789840698
-0.011464082635939121
0.049958486109972
0.01180130336433649
0.06665724515914917
0.03292436897754669
-0.06464477628469467
0.0073629580438137054
-0.019009623676538467
0.17761628329753876
0.1226881891489029
-0.36398443579673767
-0.28117209672927856
0.1509391814470291
-0.4414267838001251
0.2531771957874298
0.17350225150585175
0.0890914723277092
0.24539966881275177
0.6104469895362854
0.08549974113702774
-0.029595889151096344
0.6659294962882996
0.5238852500915527
-0.8816627264022827
-0.23478764295578003
0.11397138237953186
0.1056109368801117
0.5570744276046753
-0.526727020740509
-0.8066734075546265
0.3911973237991333
0.08712168782949448
-0.9391492009162903
-0.2052452713251114
0.4419824182987213
0.49291104078292847
0.44471845030784607
-0.1940770447254181
-0.40790629386901855
0.12268905341625214
-0.03154534846544266
-0.7818004488945007
-0.5091326832771301
0.326088547706604
-0.18097008764743805
-0.03027668595314026
-0.05185866728425026
0.06850392371416092
-0.03450187295675278
0.03236982226371765
-0.1464586853981018
-0.03736294060945511
0.09582006931304932
-0.017075445502996445
-0.29579421877861023
-0.1849403828382492
0.0027980473823845387
0.035404473543167114
-0.005073362961411476
-0.011126664467155933
-0.00865844078361988
0.12573835253715515
0.24020995199680328
0.7007713317871094
0.44661945104599
-0.3193323314189911
-0.0024136900901794434
0.2539452910423279
-0.4014084041118622
-0.38186195492744446
0.17746694386005402
-0.03488403558731079
0.03776203840970993
-0.005067028105258942
-0.00422452250495553
-0.040037602186203
0.054182443767786026
0.1508793979883194
0.23633861541748047
0.23940229415893555
-0.0818694680929184
0.6166192889213562
0.43930381536483765
-0.14235851168632507
-0.2044115960597992
0.2898789942264557
0.016519345343112946
-0.7219351530075073
-0.6680847406387329
-0.7719575762748718
-0.05129503458738327
0.6385996341705322
-0.3344382345676422
-0.8151879906654358
0.00998777151107788
0.4637458026409149
-0.9634419083595276
-0.8635127544403076
0.21877135336399078
0.3457159399986267
0.15361525118350983
-0.2764803469181061
0.17382633686065674
0.12234605848789215
-0.3657081127166748
-0.632836639881134
0.006422972772270441
0.08366411179304123
0.4566905200481415
0.3954256474971771
-0.27922555804252625
-0.19668875634670258
0.16140814125537872
0.041344184428453445
-0.27485883235931396
-0.1884671449661255
0.028152311220765114
-0.01120308879762888
0.008412384428083897
0.03196534886956215
-0.020567473024129868
-0.048369668424129486
0.041079677641391754
-0.0026727986987680197
0.013492779806256294
0.0908980518579483
0.6711350083351135
0.4692632853984833
-0.4251088798046112
-0.10469847917556763
0.3806995153427124
-0.34331899881362915
-0.7378610968589783
-0.17368219792842865
-0.23866716027259827
0.7434114217758179
0.7314096689224243
-0.24666205048561096
0.04245760291814804
0.42142730951309204
0.011511842720210552
-0.9224632382392883
-0.17220741510391235
0.17397600412368774
-0.09278850257396698
0.08125369250774384
0.0010715749813243747
0.10445905476808548
0.041811175644397736
-0.008999684825539589
-0.1864027976989746
0.09522869437932968
0.5320395231246948
0.5368478894233704
-0.13809677958488464
-0.2579842507839203
0.2744053602218628
0.09689126163721085
-0.7401748895645142
-0.09534703195095062
0.23393355309963226
0.7660136222839355
0.41118529438972473
-0.3200914263725281
-0.06976940482854843
0.4804200232028961
0.4380018711090088
-1.465000867843628
-0.1293991506099701
0.17851568758487701
0.3712429106235504
0.40911391377449036
-0.4784242808818817
-0.09437938034534454
0.5843329429626465
0.10000356286764145
-0.9981227517127991
-0.0007715413812547922
0.2505803108215332
0.004811407066881657
0.039812032133340836
-0.007473655045032501
-0.04900835454463959
-0.04064151644706726
0.03525296598672867
0.0136729646474123
-0.04734017699956894
0.007809101603925228
0.5094489455223083
0.9020547866821289
0.43879637122154236
-0.17206162214279175
0.30190691351890564
0.32705384492874146
-0.31745246052742004
-0.7911105751991272
-0.31874871253967285
0.007007385138422251
0.04793984815478325
-0.043795354664325714
0.025958962738513947
0.021238258108496666
-0.042668696492910385
0.03306401148438454
0.026399830356240273
-0.01636258140206337
-0.5361624360084534