-0.7145736813545227
-0.9684165120124817
-0.893677294254303
-0.874464213848114
-0.5317386984825134
-0.3667507469654083
0.030912766233086586
-0.04523899033665657
0.7087463140487671
-0.2144700437784195
0.17778290808200836
0.6904962062835693
-0.047285523265600204
0.4148057997226715
-0.13735607266426086
-0.9031375050544739
-1.029130220413208
-0.31616300344467163
0.2545759677886963
0.495503306388855
-0.022178178653120995
0.10644131898880005
0.08974902331829071
0.11308664083480835
-0.2754693925380707
0.06053740531206131
-0.00821308046579361
-0.06986729800701141
-0.323202908039093
-0.2733111083507538
0.007921924814581871
-0.28684335947036743
-0.30323487520217896
-0.4257189929485321
-0.23878903687000275
0.10261669754981995
0.26055505871772766
0.5244203805923462
0.629946231842041
0.19802728295326233
-0.13808715343475342
-0.32006004452705383
-0.19752681255340576
0.11300791800022125
-0.09658364951610565
0.08781912177801132
0.0889676883816719
0.05509735643863678
0.031278301030397415
0.049399666488170624
0.005329162813723087
0.010449053719639778
0.018404442816972733
0.0013098310446366668
-0.4426930844783783
-0.11458106338977814
0.254940927028656
0.19603559374809265
-0.14237691462039948
-0.14612193405628204
0.012419397011399269
0.5304710268974304
0.16155682504177094
0.03355515003204346
-0.011572688817977905
-0.008836150169372559
0.01900220848619938
0.0553012378513813
0.0329691544175148
-0.0510096549987793
0.04462340474128723
0.014315943233668804
0.4272926449775696
0.6312639117240906
0.8420183062553406
0.35574737191200256
0.17893941700458527
0.2909252941608429
-0.7911165356636047
-1.0331852436065674
-0.4325617253780365
0.035372961312532425
0.03646446391940117
0.03479095920920372
0.06016937270760536
-0.0007604238926433027
0.0839240625500679
0.08248642832040787
0.05051899328827858
0.09807262569665909
0.06133290380239487
-0.08218547701835632
0.13589830696582794
0.029713118448853493
-0.2075250893831253
-0.2501540184020996
-0.44135719537734985
0.034262947738170624
-0.27335962653160095
0.8199260234832764
0.7835288643836975
1.0391812324523926
0.4749296009540558
0.2783554792404175
0.1908230185508728
-0.4380708336830139
-0.7465793490409851
-0.5706360340118408
-0.1899588257074356
0.27418169379234314
-0.06525368243455887
-0.09984035789966583
-0.20326560735702515
0.3658643066883087
0.1382744014263153
-0.39630237221717834
-0.19629114866256714
0.06453701108694077
-0.04471719637513161
0.2201552391052246
-0.22919416427612305
-0.42731308937072754
0.06864437460899353
0.08999663591384888
-0.04149268567562103
-0.11997019499540329
-0.08917368203401566
-0.057402659207582474
0.158453106880188
-0.3356119990348816
-0.17049145698547363
-0.005604583770036697
0.0890328511595726
-0.17552505433559418
-0.11327322572469711
-0.007436702027916908
-0.016985589638352394
0.13271057605743408
-0.15364784002304077
-0.13663233816623688
-0.14509621262550354
-0.06635218113660812
0.022363392636179924
0.019862577319145203
0.24115139245986938
0.33908337354660034
0.5230767130851746
-0.1759941279888153
-0.44601166248321533
-0.2788163721561432
0.037039488554000854
-0.21966493129730225
-0.23710566759109497
0.04264052212238312
0.13731259107589722
0.04642999544739723
0.144003227353096
0.17932455241680145
0.10644826292991638
0.08723091334104538
0.16378189623355865
0.16720908880233765
0.08099193871021271
0.2712157666683197
0.22712774574756622
-0.36549973487854004
-0.31115657091140747
-0.26604899764060974
-0.29743897914886475
0.001986841903999448
-0.13013075292110443
-0.09786877781152725
0.21083983778953552
0.15093690156936646
-0.16435250639915466
-0.05695270001888275
-0.33755359053611755
-0.06282738596200943
-0.07546018809080124
0.2249370664358139
0.33599230647087097
0.5067804455757141
0.34735003113746643
-0.4006965458393097
-0.25077590346336365
0.10662258416414261
-0.17567995190620422
-0.2988544702529907
-0.40994295477867126
-0.32112592458724976
0.38887467980384827
0.5015497803688049
-0.78266841173172
-0.7175271511077881
-0.6212286949157715
0.06143961101770401
0.11783582717180252
-0.44677525758743286
0.0019040751503780484
0.026115782558918
0.019140703603625298
-0.013029319234192371
0.039939310401678085
0.052847787737846375
-0.03044217638671398
-0.021908704191446304
0.05726943910121918
0.053869545459747314
0.34656718373298645
0.4432373046875
-0.344879150390625
-0.26086169481277466
-0.3483056426048279
-0.2289111167192459
-0.04839765280485153
-0.12419348955154419
-0.05889521539211273
0.4389043152332306
0.3342086374759674
-0.5278545022010803
-0.5363616347312927
-0.34830242395401
-0.42255017161369324
-0.3092287480831146
-0.30715614557266235
-0.01907862350344658
0.007201822008937597
-0.005302170291543007
0.03917617350816727
0.06959003210067749
-0.1758633553981781
-0.038596853613853455
-0.10379024595022202
0.000427245075115934
0.2495763748884201
0.7450248599052429
0.524409294128418
-0.12637832760810852
-0.3595905005931854
-0.06709734350442886
-0.43119266629219055
-0.15501512587070465
-0.4567466676235199
0.5644581913948059
0.34899747371673584
0.4403800666332245
0.07537905871868134
0.024973034858703613
0.06160217523574829
-0.11993885040283203
-0.8225932717323303
-0.6030669212341309
0.6226198673248291
0.4234504699707031
0.434623122215271
0.15832304954528809
0.16701413691043854
0.15455807745456696
-0.6400512456893921
-0.9539096355438232
-0.7658129334449768
-0.004206262528896332
0.04570315033197403
-0.011992941610515118
0.04098315164446831
0.01745731569826603
-0.01616678014397621
-0.005937788635492325
-0.010790843516588211
0.020965423434972763
0.26025107502937317
0.5650603771209717
0.285631000995636
-0.21382766962051392
-0.07923103868961334
-0.17631468176841736
-0.3641605079174042
-0.2385575771331787
-0.538192629814148
0.03768424689769745
-0.0557342991232872
0.006352969910949469
-0.02659009024500847
-0.05852949619293213
0.007019515614956617
0.023219754919409752
-0.01786084473133087
-0.03159769997000694
-0.6886278390884399