-0.6065655946731567
-0.4861490726470947
-0.5368679761886597
-0.4085622727870941
-0.3849807679653168
-0.5613709092140198
-0.6239773035049438
-0.5322099328041077
-0.4862161874771118
-0.6076869368553162
-0.581251859664917
-0.1993662565946579
-0.4174894690513611
-0.4777722656726837
-0.0019803994800895452
-0.2840040624141693
-0.3472820222377777
-0.03771086409687996
-0.02289826050400734
0.13687512278556824
0.1683272272348404
0.004399983212351799
0.17863480746746063
0.1357172280550003
0.03565160185098648
0.2246924787759781
0.21458573639392853
-0.2991931140422821
-0.4120112359523773
-0.4728725254535675
0.09770539402961731
-0.13758964836597443
-0.6101738810539246
-0.13493646681308746
-0.28910279273986816
-0.7718467116355896
0.08417271077632904
0.12640318274497986
-0.10353510081768036
0.027793731540441513
0.11182482540607452
-0.030380522832274437
-0.030308272689580917
0.1629991978406906
-0.031239382922649384
0.08425071835517883
0.00775984488427639
0.022250946611166
0.02249232679605484
0.06055379658937454
0.05657976493239403
0.0896439254283905
0.043996166437864304
0.002951954724267125
0.33669570088386536
0.460600882768631
0.31080353260040283
0.2665369212627411
0.40701642632484436
0.3491457998752594
0.3089611232280731
0.2652972936630249
0.31317266821861267
-0.03821016475558281
-0.02358154207468033
-0.05358702689409256
0.040084175765514374
0.04452216625213623
-0.03366003930568695
-0.03931276872754097
0.00025013452977873385
0.018274368718266487
-0.6310861110687256
-0.5231515765190125
-0.4565245807170868
-0.7486945390701294
-0.4134657680988312
-0.20130692422389984
-0.7447083592414856
-0.7239304184913635
-0.36134660243988037
0.05255858227610588
0.05273116007447243
0.12988142669200897
0.10623977333307266
0.023063376545906067
0.06678830832242966
0.05773690715432167
0.01512822788208723
0.12610195577144623
-0.049127791076898575
0.033586662262678146
0.0471171960234642
-0.012091174721717834
-0.003574248170480132
-0.10346081107854843
-0.16555960476398468
-0.10800173133611679
-0.2373276799917221
-0.1736437976360321
-0.21016964316368103
-0.3034706711769104
-0.09648957848548889
-0.01293844822794199
-0.08003553748130798
-0.3590027987957001
-0.20603987574577332
-0.20221906900405884
-0.09697617590427399
-0.3583112955093384
-0.8420431017875671
0.0029910688754171133
-0.3389596939086914
-0.6975075006484985
-0.1133476048707962
0.10972882062196732
-0.2541234791278839
-0.24383454024791718
-0.0695042610168457
-0.18727906048297882
-0.1982116848230362
-0.3963066041469574
-0.14785796403884888
-0.38455066084861755
-0.3137477934360504
-0.19496819376945496
-0.09834585338830948
-0.19873549044132233
-0.15205532312393188
-0.17527487874031067
-0.19245314598083496
-0.23581509292125702
-0.17211908102035522
-0.11685969680547714
-0.03612227737903595
0.07507319003343582
-0.043777089565992355
-0.05670059844851494
0.009337207302451134
-0.00572080397978425
-0.02832757495343685
-0.04245668277144432
0.056427229195833206
-0.0400727204978466
-0.07739283889532089
0.03108660690486431
0.12603814899921417
0.03662336990237236
0.05618397146463394
0.029368465766310692
0.05494101718068123
0.09056537598371506
0.13989445567131042
0.08848888427019119
0.0015404679579660296
0.01795552298426628
0.07636460661888123
0.06064167991280556
0.0406668446958065
0.018056247383356094
0.05327107384800911
0.010676508769392967
-0.023211542516946793
-0.06538306176662445
-0.08181490004062653
0.013610335998237133
-0.07580314576625824
-0.08784463256597519
-0.031079912558197975
-0.12345388531684875
-0.11366236209869385
-0.0710129588842392
0.0012567111989483237
-0.05918155610561371
-0.1938236653804779
0.3349752724170685
-0.07826052606105804
-0.2290801852941513
0.030640238896012306
-0.11181990057229996
-0.14043137431144714
-0.13215258717536926
-0.18908429145812988
-0.15478727221488953
-0.182582825422287
-0.15965208411216736
-0.1634228527545929
-0.19901525974273682
-0.17061251401901245
-0.11917223036289215
-0.03004704974591732
-0.0031662159599363804
-0.1160440444946289
-0.09699466824531555
0.014679777435958385
-0.15704302489757538
-0.05855968967080116
-0.01289417501538992
-0.0007857366581447423
0.014137577265501022
0.01371582131832838
0.005774954333901405
0.014559130184352398
0.014989674091339111
-0.03487381339073181
-0.042759768664836884
-0.05822395533323288
-0.02693735808134079
-0.10347092896699905
0.03562215343117714
-0.040613673627376556
0.06260178983211517
0.0611673928797245
0.05565210431814194
0.019159631803631783
0.11801750212907791
-0.20404617488384247
-0.10379724949598312
-0.07997913658618927
-0.09102629125118256
-0.17136834561824799
0.0723499208688736
0.026746587827801704
-0.15005528926849365
-0.05996101722121239
0.15517479181289673
0.07921762019395828
-0.012945111840963364
0.1041887179017067
0.12593962252140045
0.016805844381451607
0.12024065852165222
0.06308069825172424
0.031045306473970413
0.2516067624092102
0.15287451446056366
0.2872188687324524
0.3519742488861084
0.11125324666500092
0.060329798609018326
0.18450772762298584
0.04356330633163452
-0.0032058157958090305
-0.4555940628051758
-0.3185063600540161
-0.42270177602767944
-0.5305466055870056
-0.39268600940704346
-0.5072752833366394
-0.6002179384231567
-0.5503290891647339
-0.561846911907196
-0.3078273832798004
-0.28247883915901184
-0.265576034784317
-0.3271996080875397
-0.2223971039056778
0.02194337733089924
-0.059124767780303955
-0.1364409476518631
-0.3012251555919647
0.04559246450662613
-0.025025533512234688
0.005498597398400307
-0.005783840082585812
-0.04808516427874565
-0.024891415610909462
0.03182666748762131
-0.049532003700733185
-0.006850647274404764
0.13499750196933746
0.11209497600793839
-0.036913465708494186
0.07249236851930618
0.11850124597549438
0.1038762778043747
0.15566237270832062
0.047333136200904846
-0.016557954251766205
0.050225697457790375
0.008646310307085514
0.021985504776239395
0.0008220444433391094
0.018658258020877838
-0.02880154363811016
0.04689910262823105
-0.05770564079284668
0.024902693927288055
-0.33840212225914
-0.6742441654205322
-0.9104955792427063
-0.8614844083786011
-0.5722448825836182
-1.15098237991333
-0.5957327485084534
-0.8676134943962097
-1.1189559698104858
-0.9032465815544128
-0.482806921005249
-0.17519737780094147
-0.3166291117668152
-0.5112241506576538
-0.24372652173042297
-0.42919692397117615
-0.4486241042613983
-0.43867677450180054
-0.37642475962638855
0.18140196800231934
0.19825303554534912
0.08114176988601685
-0.04189310595393181
0.0790395736694336
0.06083044782280922
-0.04315919429063797
-0.05727628245949745
-0.08210451900959015
-0.25891488790512085
-0.20480531454086304
-0.2819260060787201
-0.41077983379364014
-0.48000919818878174
-0.1158839538693428
-0.4552207887172699
-0.16564510762691498
-0.2511010766029358
-0.026183931156992912
-0.04065684229135513
-0.29063186049461365
-0.04716628044843674
-0.042223066091537476
-0.1253107637166977
0.05720491707324982
0.040879927575588226
0.027621274814009666
0.09369432181119919
-0.034630000591278076
-0.02319450117647648
0.0008150850189849734
-0.039964836090803146
-0.09659263491630554
0.10374810546636581
-0.021247679367661476
-0.09512575715780258
0.28647688031196594
0.16741831600666046
0.060737866908311844
-0.009757918305695057
0.11114040017127991
-0.2361184060573578
-0.033644650131464005
-0.16417665779590607
-0.23639614880084991
-0.024243218824267387
0.03542032465338707
0.05322025343775749
-0.0078052943572402
0.00922706164419651
0.00702465046197176
0.03211093321442604
-0.050565335899591446
0.01418313104659319
-0.5852717161178589
-0.40555045008659363
-0.4267067313194275
-0.1270650178194046
-0.32600948214530945
-0.1653476506471634
-0.7321507334709167
-0.17924943566322327
-0.20390169322490692
0.058433134108781815
0.14375756680965424
0.033803630620241165
-0.013763493858277798
0.11681755632162094
0.09110953658819199
-0.0009542321786284447
0.054128021001815796
-0.003569600638002157
0.02013077773153782
0.19783847033977509
-0.0006730813765898347
-0.02347075194120407
0.11056356877088547
0.19979208707809448
0.019657818600535393
-0.07248219102621078
0.1563618779182434
-0.09276842325925827
0.014076457358896732
-0.25283652544021606
-0.242394357919693
-0.06443718820810318
-0.13090191781520844
-0.3059590756893158
0.048896174877882004
-0.23015503585338593
-0.49151402711868286
-0.38397884368896484
-0.5863099694252014
-1.0456218719482422
-0.4525463879108429
-0.6691687703132629
-0.8261471390724182
-0.5182957053184509
-0.5392217040061951
-0.023558789864182472
0.007280342280864716
-0.020515918731689453
-0.1655697524547577
0.12550292909145355
0.15131741762161255
-0.23983900249004364
-0.03577035292983055
0.010028718039393425
-0.1338435858488083
-0.03251102939248085
-0.08811938762664795
-0.04920467734336853
-0.02635355107486248
0.014829176478087902
-0.060892924666404724
-0.03807521611452103
-0.12221900373697281
0.08668836951255798
0.051062725484371185
-0.000870968506205827
0.05212753266096115
0.02211734466254711
-0.03165557235479355
0.1398642510175705
-0.014758981764316559
0.1456662267446518
0.11417988687753677
0.12587276101112366
0.29265254735946655
0.15888404846191406
0.06305708736181259
0.17112483084201813
0.10700561851263046
0.15509387850761414
0.19412197172641754
-0.06276080012321472
-0.05516164004802704
-0.09057807922363281
-0.06971926242113113
-0.0358833484351635
-0.08982310444116592
-0.009604519233107567
-0.016037559136748314
-0.02106369473040104
-0.22094227373600006
-0.07583692669868469
-0.3541254997253418
-0.1688900738954544
-0.15779370069503784
-0.17599156498908997
-0.2094724178314209
-0.07117538154125214
-0.2218416929244995
-0.5502676367759705
-0.2370113879442215
-0.5121999979019165
-0.2924111783504486
-0.18839198350906372
-0.7085180282592773
-0.5858149528503418
-0.13355349004268646
-0.5063289999961853
-0.24727919697761536
-0.3666430115699768
-0.354801744222641
-0.31122320890426636
-0.2520124018192291
-0.2642701268196106
-0.3278115689754486
-0.22854851186275482
-0.20359690487384796
-0.15547271072864532
0.024264246225357056
0.0013969787396490574
-0.1831580102443695
-0.0554727278649807
0.0030753191094845533
-0.17181842029094696
-0.12716001272201538
-0.058599263429641724
0.015321791172027588
0.04965845122933388
-0.03878100961446762
-0.025458592921495438
-0.005554617382586002
-0.014454332180321217
-0.04559339955449104
0.02825736254453659
0.03020414523780346
-0.150045707821846
-0.10318075865507126
-0.0016510419081896544
0.07484159618616104
0.03492031991481781
-0.051283661276102066
0.05325697362422943
0.08309788256883621
0.04815424233675003
-0.018045134842395782
0.007328827865421772
-0.016797972843050957
0.14950920641422272
-0.05025454983115196
-0.03308805450797081
0.05933324992656708
0.08090732991695404
-0.08427828550338745
0.07612673938274384
0.09904192388057709
-0.04804476350545883
-0.1079554334282875
0.06923207640647888
0.09055129438638687
-0.0007906564278528094
0.0006517698639072478
0.005610039923340082
0.12582330405712128
0.12939466536045074
-0.20623764395713806
0.02070510759949684
0.14704453945159912
-0.10782473534345627
0.1026129275560379
0.10593975335359573
-0.03506486862897873
-0.14493201673030853
-0.7273901700973511
-0.9625974297523499
-0.5626291036605835
-0.32045018672943115
-1.2711808681488037
-0.6370666027069092
-0.35777243971824646
-1.020106554031372
0.4471794366836548
0.044124096632003784
-0.13952521979808807
-0.1024707555770874
-0.05317433178424835
-0.396616131067276
-0.18784527480602264
-0.2379455268383026
-0.2654125392436981
0.049670785665512085
0.01394713670015335
0.012325474061071873
0.02688003145158291
-0.044298987835645676
0.027787115424871445
-0.001710649230517447
0.058263376355171204
0.04350150376558304
0.04999520257115364
-0.013192735612392426
0.09390686452388763
0.011137516237795353
0.010373042896389961
-0.10030942410230637
0.014784354716539383
0.2252964824438095
0.016266310587525368
0.014999785460531712
0.014305218122899532
0.0032680444419384003
0.040603477507829666
0.03401045873761177
-0.04701906815171242
-0.03436664864420891
-0.0702757015824318
0.045160211622714996
-0.03961162641644478