-0.584674596786499
0.3695741891860962
0.283475786447525
-0.07362008094787598
-0.053874727338552475
-0.3869701623916626
0.33315718173980713
-0.6464117169380188
-1.2214075326919556
0.09348470717668533
0.6695582866668701
0.18966110050678253
-0.24463173747062683
0.6565883755683899
-0.07699417322874069
-0.4739557206630707
-0.30874043703079224
-0.6555272936820984
0.33695271611213684
0.7394137978553772
0.21690143644809723
-0.12543711066246033
0.06300777196884155
0.022050701081752777
-0.09761391580104828
-0.38744235038757324
-0.440796434879303
-0.5531720519065857
0.519712507724762
-0.2343701869249344
-0.0007802837644703686
0.4676450192928314
-0.18322141468524933
-0.6263299584388733
-0.7173595428466797
-0.13966801762580872
0.6332595348358154
0.6308274865150452
0.12022272497415543
-0.18843889236450195
-0.23419807851314545
-0.43988409638404846
-0.48247939348220825
-0.37820717692375183
-0.3671794831752777
0.04813230782747269
0.032496921718120575
0.005612527020275593
-0.05919220671057701
0.008030140772461891
-0.03444868326187134
-0.0035512575414031744
-0.0038464146200567484
0.026348991319537163
0.472275048494339
0.041006240993738174
0.13624349236488342
-0.2737346291542053
-0.2272811233997345
0.40439921617507935
-0.1951064020395279
-0.2710006833076477
-0.18678265810012817
0.028871476650238037
-0.04767565056681633
0.05765002593398094
0.05366763472557068
-0.03267734497785568
0.03364735469222069
0.026435058563947678
-0.04545868560671806
0.047464244067668915
0.3611360490322113
-0.00769416568800807
-0.11073832958936691
-0.3748120367527008
-0.08472553640604019
-0.09018838405609131
-0.4706256091594696
-0.19449953734874725
-0.23174676299095154
0.02386435866355896
-0.02242222987115383
0.06363396346569061
-0.015916412696242332
0.052984509617090225
0.06597236543893814
0.0075570810586214066
0.004880222491919994
0.01736987940967083
-0.30190205574035645
-0.12688983976840973
-0.043037932366132736
-0.3654014468193054
-0.12516500055789948
-0.10816720873117447
-0.040038496255874634
-0.0817294716835022
-0.009360956959426403
0.6255003213882446
0.6397515535354614
-0.26872649788856506
0.19002440571784973
0.34296318888664246
0.13261158764362335
0.27123168110847473
0.2780400216579437
-0.21469785273075104
0.270877867937088
0.35510051250457764
0.08005606383085251
0.3674582242965698
-0.1856648325920105
-0.12302429974079132
-1.2469985485076904
-0.6633865833282471
0.44771653413772583
0.31065577268600464
0.2004714459180832
0.7647964954376221
0.006927202921360731
-0.626981258392334
0.22280974686145782
-0.7736607789993286
-1.2314469814300537
-0.12004028260707855
0.22776298224925995
-0.07075617462396622
-0.04278178885579109
0.22710631787776947
0.08105102926492691
-0.03498290106654167
0.18002645671367645
0.28033000230789185
0.13214470446109772
0.045199185609817505
0.11788652092218399
0.1518896520137787
0.36533865332603455
0.25018247961997986
0.08340317755937576
-0.11497821658849716
-0.05496517941355705
0.09817297011613846
0.5561164021492004
0.6280143857002258
-0.3041203022003174
-0.08040871471166611
-0.08833441138267517
0.06523460149765015
-0.652492344379425
-0.8532171249389648
-0.3575618267059326
0.0698540136218071
-0.03695423901081085
-0.1121327131986618
-0.08987230807542801
0.004860464949160814
-0.041019272059202194
-0.012253505177795887
-0.06915834546089172
0.06000498682260513
0.1331932544708252
0.5629251003265381
0.12713879346847534
-0.2703394293785095
0.11701390892267227
-0.09794913977384567
0.05712423101067543
-0.241366446018219
-0.9106048345565796
0.02842170186340809
0.878832221031189
0.026738163083791733
-0.6143121719360352
-0.11708112061023712
-0.07095980644226074
-0.5477484464645386
-0.47782570123672485
-1.3100693225860596
0.26354923844337463
0.24391336739063263
-0.064763642847538
0.24146002531051636
0.13096676766872406
-0.05462339147925377
-0.7121664881706238
-1.0069836378097534
-0.17785970866680145
0.6548818349838257
0.41203585267066956
0.007309800013899803
-0.311862587928772
-0.3483457863330841
-0.07449255138635635
-0.6864286661148071
-0.9761308431625366
-0.6101386547088623
0.01802511140704155
0.05462972819805145
0.020656900480389595
-0.049323804676532745
0.04995885118842125
0.0036805367562919855
-0.01346946507692337
-0.009436012245714664
-0.03680264204740524
0.3970772624015808
0.6446950435638428
-0.06919527053833008
0.028714366257190704
0.11465571820735931
-0.22162918746471405
-0.9547842144966125
-0.9875893592834473
-0.5874056816101074
-0.03879261389374733
0.31720679998397827
-0.1867952197790146
-0.4583137333393097
-0.055986445397138596
0.020750433206558228
-0.7514073848724365
-0.5436368584632874
-1.050724983215332
-0.1243937760591507
-0.058612946420907974
-0.027020134031772614
-0.04816938191652298
-0.06853384524583817
-0.1335681825876236
-0.10916370898485184
0.14458097517490387
-0.1450633555650711
0.5425328016281128
0.015107929706573486
0.07311040908098221
0.3416327238082886
-0.22101512551307678
-0.12569455802440643
-0.8256278038024902
-0.5818201899528503
-0.05210117995738983
0.7480071783065796
-0.2160906195640564
-0.4955035448074341
0.5727456212043762
-0.2692835032939911
-0.05240100622177124
-0.15639112889766693
-0.27391523122787476
-0.0007326452760025859
0.37881237268447876
-0.12762516736984253
-0.3889615833759308
0.5149989724159241
0.07040256261825562
0.013441086746752262
-0.22564920783042908
0.19520854949951172
-0.37408336997032166
0.00803726352751255
0.0006000236026011407
0.02839764766395092
0.029415009543299675
-0.025770261883735657
0.05284714698791504
0.01291833259165287
0.005163550842553377
0.011745139956474304
0.3673382103443146
0.4129430651664734
-0.28308239579200745
-0.021780531853437424
0.22530339658260345
-0.381599485874176
-0.5175773501396179
-0.727827250957489
-0.6013315916061401
0.04189639165997505
-0.049498606473207474
-0.051093872636556625
0.027113165706396103
0.0006728126900270581
0.0033753442112356424
-0.0063397991470992565
-0.027610262855887413
0.008545823395252228
0.06568840891122818
0.2927757799625397
0.3699710965156555
0.2334957867860794
0.29652929306030273
0.3295630216598511
0.20823191106319427
0.2084285169839859
0.5554764270782471
0.6980682015419006
0.5240504145622253
0.11679477989673615
-0.29526442289352417
0.43780022859573364
-0.25786855816841125
0.019979340955615044
0.22003301978111267
-0.036520615220069885
-0.6326597929000854
-0.19591817259788513
0.03843478113412857
0.2681032121181488
-0.20851978659629822
-0.11566337198019028
0.23716077208518982
-0.2652733623981476
-0.07040312141180038
0.20712174475193024
0.33027058839797974
0.25561589002609253
-0.051057565957307816
0.11998393386602402
0.06097904220223427
-0.4410598576068878
-0.08877324312925339
-0.24491095542907715
-0.04753858596086502
-0.06704533845186234
-0.22668929398059845
0.20091521739959717
-0.37278446555137634
-0.623513400554657
-0.43250924348831177
0.06856650859117508
-0.05210906267166138
-0.4941771328449249
-0.013306577689945698
0.06339212507009506
0.06742765754461288
-0.023087702691555023
0.00135514244902879
0.005105235613882542
0.04371115192770958
0.027979517355561256
0.01039154827594757
-0.21693022549152374
-0.18833333253860474
0.2824003994464874
0.21945145726203918
0.07616405934095383
0.09407548606395721
0.7579358816146851
0.5587893128395081
0.7480427622795105
-0.026320988312363625
-0.041154809296131134
0.05597648769617081
-0.04758428409695625
-0.034894444048404694
-0.039400532841682434
-0.023040642961859703
-0.0012146722292527556
-0.04752171039581299
0.5053496360778809
0.31938183307647705
0.3540043234825134
0.6366021633148193
0.4710600674152374
0.5981829166412354
0.19069194793701172
-0.6128275990486145
-0.7994821071624756
-0.04690484702587128
-0.09175906330347061
-0.10889977216720581
-0.03458463400602341
0.0022139514330774546
-0.08308330178260803
0.0068976907059550285
-0.006308875512331724
-0.014201373793184757
-0.053439605981111526
-0.1340913325548172
-0.5202653408050537
-0.1271798312664032
-0.034460827708244324
-0.03652695566415787
0.0476723350584507
0.07711826264858246
0.1087598130106926
0.795060932636261
0.0831858441233635
0.1657731682062149
0.20942360162734985
-0.1640845239162445
-0.4104916751384735
0.4484957456588745
-0.5176606774330139
-0.017869044095277786
-0.28535038232803345
-0.06391388922929764
0.07059770077466965
0.04070784151554108
0.10944010317325592
-0.42000624537467957
0.20062829554080963
-0.2288903295993805
-0.10831443220376968
0.4803101718425751
-0.822062611579895
0.0628519058227539
-1.1000189781188965
-0.7020914554595947
-0.3938393294811249
0.01536841131746769
-0.1905202716588974
-0.2760170102119446
-0.2560940384864807
-0.22669796645641327
-0.19241657853126526
-0.3770371079444885
-0.209674671292305
0.06058812513947487
-0.4045034348964691
-0.3432597219944
0.1532801240682602
0.03587360680103302
0.07943742722272873
-0.1815551072359085
-0.049685653299093246
0.01102238055318594
0.0038773734122514725
0.1441037803888321
-0.07151980698108673
0.10378216952085495
-0.18757688999176025
0.1925310641527176
-0.19663047790527344
-0.678409218788147
-0.6522009372711182
-0.4341239035129547
-0.5893091559410095
-0.8205009698867798
-0.5198880434036255
0.07609826326370239
0.16998955607414246
0.06598158180713654
0.05875120684504509
0.08728666603565216
0.01655789464712143
0.028064360842108727
0.07114575058221817
0.12559713423252106
0.3332117795944214
-0.09211266785860062
-0.3647248446941376
-0.32272592186927795
-0.31223082542419434
-0.34815117716789246
-0.21040911972522736
-0.2866770625114441
-0.4056614339351654
0.34115269780158997
0.1164107695221901
-0.9765740633010864
-0.3700709044933319
-1.1186202764511108
-0.8533098697662354
-0.5794184803962708
-0.7760283946990967
-0.3997894525527954
-0.19717879593372345
-0.6423923969268799
0.12923046946525574
-0.42699122428894043
-0.42065906524658203
-0.5919871926307678
-0.48521479964256287
-0.3700850307941437
-0.7885547280311584
0.2568594515323639
-0.3672933578491211
-0.27611827850341797
-0.07275813817977905
-0.056414324790239334
-0.5132061243057251
0.11791247129440308
0.38050541281700134
0.030455371364951134
-0.05741552636027336
-0.022149188444018364
0.05451290309429169
0.014462670311331749
0.047886189073324203
0.0324619859457016
0.022839931771159172
0.018411977216601372
0.00759762991219759
0.09740892052650452
-0.6626574397087097
-0.03443104773759842
-0.2858666777610779
-0.5637350082397461
-0.7582852244377136
-0.28345200419425964
-0.35569658875465393
-0.40579086542129517
0.37523409724235535
-0.2401980310678482
-0.5254369378089905
-0.13019710779190063
-0.12618151307106018
0.024074546992778778
-0.3728634715080261
-0.47277024388313293
-0.5984562039375305
0.0033697166945785284
0.04744382202625275
0.05269881337881088
0.1961514800786972
0.15038037300109863
0.022564448416233063
0.20053869485855103
0.10759859532117844
0.03312726691365242
-0.4441674053668976
0.026629609987139702
0.07090993970632553
-0.2221527099609375
-0.06727077066898346
0.3976484537124634
-0.05364054813981056
-0.32579901814460754
0.189287006855011
-0.8603904843330383
-0.3993086516857147
-0.07200206071138382
-1.1457127332687378
-0.5452356934547424
0.14904357492923737
-0.18098625540733337
-0.6940889358520508
0.3381005525588989
-0.12383323907852173
0.42859718203544617
0.7286543846130371
-0.12423421442508698
-0.27175626158714294
0.5611140727996826
-0.1953553855419159
-1.4093304872512817
-0.4476107954978943
0.0017120330594480038
-0.05161004513502121
-0.030714312568306923
0.008782279677689075
0.05251213535666466
0.0431758351624012
-0.047530919313430786
-0.03862101212143898
0.03987886384129524
0.6531811356544495
-0.14453525841236115
-0.5983303189277649
0.511274516582489
-0.006922073662281036
-0.5513457655906677
-0.2307276874780655
-0.44901248812675476
-0.2946924567222595
-0.0219345111399889
-0.03506825491786003
-0.016649309545755386
0.038093358278274536
-0.0372333861887455
-0.058423854410648346
0.007458371575921774
0.004342280328273773
0.11402206867933273
-0.09127024561166763